-95.790799602554	574.400024414063
-92.826590365726	574.299987792969
-89.863350428026	574.599975585938
-86.9010793410458	574.5
-83.9397766566584	576.200012207031
-80.9794419270051	575.599975585938
-78.0200747045081	575.099975585938
-75.0616745418698	573.799987792969
-72.1042409920646	574.099975585938
-69.1477736083389	574.5
-66.1922719442146	575.700012207031
-63.2377355534932	577.200012207031
-60.2841639902555	575
-57.3315568088411	576.5
-54.3799135638806	575.700012207031
-51.4292338102631	576.700012207031
-48.4795171031643	578.299987792969
-45.5307629980298	579
-42.5829710505755	578.5
-39.6361408167949	579.5
-36.690271852955	579.599975585938
-33.7453637155883	581.599975585938
-30.8014159615084	583.200012207031
-27.8584281477977	586.599975585938
-24.9163998318116	587.799987792969
-21.9753305711778	593.200012207031
-19.0352199237884	603.700012207031
-16.0960674478276	628.599975585938
-13.1578727017193	704.299987792969
-10.2206352441956	1022.70001220703
-7.28435463422346	2256.39990234375
-4.34903043106955	6496.89990234375
-1.41466219425542	28232.80078125
1.51875051642246	63415.69921875
4.451208140897	63360.3984375
7.38271111883866	43766.3984375
10.3132598896356	16604.69921875
13.2428548924141	5959.7998046875
16.1714965660224	2094.39990234375
19.0991853490632	1069.80004882813
22.0259216798379	704.200012207031
24.9517059964066	612.599975585938
27.8765387365443	590.200012207031
30.8004203377654	583.799987792969
33.7233512373074	581.5
36.6453318721518	581.400024414063
39.5663626790036	581.900024414063
42.4864440943119	581
45.4055765542381	583.799987792969
48.323760494696	583.700012207031
51.2409963513199	583.900024414063
54.157284559493	581.400024414063
57.0726255543117	579.799987792969
59.9870197706214	577.5
62.900467642989	574.700012207031
65.8129696057351	574.799987792969
68.7245260928942	575.5
71.6351375382388	580.5
74.5448043752954	584
77.4535270372973	587.099975585938
80.3613059572364	584.700012207031
83.2681415678193	579.599975585938
86.1740343015077	576.700012207031
89.0789845904946	575.299987792969
91.9829928666926	580.099975585938
94.8860595617696	583.799987792969
97.7881851071256	582.099975585938
100.689369933889	579.5
103.589614472931	576.5
106.488919154866	575.599975585938
109.387284410034	579
112.284710668518	579.200012207031
115.181198360137	575.900024414063
118.076747914448	573.5
120.971359760752	574.200012207031
123.865034328078	577
126.757772045203	576.299987792969
129.649573340634	574.299987792969
132.540438642622	574.299987792969
135.430368379155	575.299987792969
138.319362977964	575.599975585938
141.207422866514	575.099975585938
144.09454847201	574.200012207031
146.980740221405	574.5
149.865998541382	574.799987792969
152.750323858365	573.900024414063
155.633716598523	574.599975585938
158.516177187769	574.200012207031
161.397706051745	574.200012207031
164.278303615848	573.5
167.157970305201	573.299987792969
170.036706544678	573.900024414063
172.9145127589	573.700012207031
175.791389372216	572.700012207031
178.667336808721	572.900024414063
181.542355492259	574.299987792969
184.416445846417	574.099975585938
187.289608294509	574.5
190.161843259608	574.5
193.033151164525	574.400024414063
195.903532431808	574
198.772987483762	573.700012207031
201.641516742422	574.599975585938
204.509120629573	575
207.37579956675	576.400024414063
210.241553975209	575.599975585938
213.106384275979	575.700012207031
215.970290889821	575.700012207031
218.833274237231	577.200012207031
221.695334738471	577.900024414063
224.556472813531	579.900024414063
227.416688882152	580
230.275983363818	581.900024414063
233.134356677765	583.099975585938
235.991809242967	584.5
238.848341478154	583.099975585938
241.703953801788	583.900024414063
244.558646632091	585.599975585938
247.412420387028	586.900024414063
250.265275484305	585.200012207031
253.11721234138	584.599975585938
255.968231375457	585.700012207031
258.818333003489	586.900024414063
261.667517642176	589.200012207031
264.515785707961	586.400024414063
267.363137617037	587.400024414063
270.209573785356	589.900024414063
273.055094628606	589.5
275.899700562229	590.400024414063
278.743392001405	589.599975585938
281.586169361079	592.400024414063
284.428033055939	594.400024414063
287.268983500413	594.700012207031
290.109021108693	595.299987792969
292.948146294717	597.900024414063
295.786359472165	601.599975585938
298.623661054476	603.099975585938
301.460051454832	608
304.295531086168	609.099975585938
307.130100361174	610.299987792969
309.963759692284	607.299987792969
312.796509491694	602.5
315.628350171335	597.599975585938
318.4592821429	596.299987792969
321.289305817832	595.200012207031
324.118421607328	593.599975585938
326.946629922334	594.799987792969
329.773931173544	591.200012207031
332.600325771409	592.799987792969
335.425814126141	595.200012207031
338.250396647684	592.799987792969
341.074073745754	592.900024414063
343.896845829811	589.400024414063
346.718713309069	589.400024414063
349.539676592497	589.200012207031
352.35973608882	591.299987792969
355.178892206512	589.900024414063
357.9971453538	589.099975585938
360.81449593867	589.599975585938
363.630944368864	589.599975585938
366.446491051875	586.799987792969
369.261136394942	586.700012207031
372.074880805078	589.299987792969
374.887724689035	589.799987792969
377.69966845333	587
380.51071250423	585.700012207031
383.320857247754	586.099975585938
386.130103089689	587.200012207031
388.938450435574	586.799987792969
391.745899690692	585.299987792969
394.552451260096	585
397.358105548596	586.099975585938
400.162862960747	586
402.96672390087	586
405.769688773045	584.799987792969
408.571757981099	583.200012207031
411.372931928625	584.5
414.173211018979	587.5
416.972595655261	585.099975585938
419.771086240333	584.5
422.568683176823	586.200012207031
425.365386867104	586.799987792969
428.161197713331	588.200012207031
430.95611611739	586.299987792969
433.750142480939	587
436.543277205398	588.299987792969
439.335520691946	586.299987792969
442.126873341516	585.5
444.917335554797	582.400024414063
447.706907732252	581.5
450.495590274093	582.400024414063
453.283383580298	580.700012207031
456.070288050593	577.700012207031
458.856304084485	577.799987792969
461.641432081227	577.200012207031
464.425672439835	578.400024414063
467.209025559092	578.900024414063
469.991491837532	578
472.773071673465	580.099975585938
475.553765464944	581.900024414063
478.333573609807	581.599975585938
481.11249650563	585.400024414063
483.890534549767	582.400024414063
486.667688139331	587.5
489.443957671193	591.700012207031
492.219343541992	590.799987792969
494.993846148127	592.700012207031
497.767465885759	593.599975585938
500.540203150822	601.5
503.312058338996	610.200012207031
506.083031845742	624.099975585938
508.853124066269	647.900024414063
511.622335395564	730.200012207031
514.390666228369	968.400024414063
517.158116959196	1693.30004882813
519.924687982319	2914.89990234375
522.690379691774	2875.80004882813
525.455192481366	1708.90002441406
528.21912674466	995
530.982182874994	747.5
533.744361265468	660.599975585938
536.505662308942	634
539.266086398051	618.700012207031
542.025633925184	606.099975585938
544.784305282511	596.799987792969
547.542100861953	591.5
550.299021055212	589.099975585938
553.055066253744	588.400024414063
555.810236848782	584.099975585938
558.564533231315	582.900024414063
561.31795579211	580.5
564.070504921691	580.799987792969
566.822181010363	580.700012207031
569.572984448188	578
572.322915624993	577.799987792969
575.071974930382	577.599975585938
577.820162753728	577.400024414063
580.567479484164	577
583.313925510589	576.099975585938
586.059501221686	577.299987792969
588.804207005893	576.5
591.548043251426	578
594.29101034626	577.5
597.033108678155	577.599975585938
599.774338634619	578.599975585938
602.514700602952	579.299987792969
605.254194970202	580
607.992822123211	579.799987792969
610.73058244857	580.099975585938
613.467476332656	581.5
616.203504161607	582.200012207031
618.938666321328	582.799987792969
621.672963197509	582.700012207031
624.4063951756	583.299987792969
627.138962640832	582.900024414063
629.870665978191	581.099975585938
632.601505572451	580.299987792969
635.331481808146	579.799987792969
638.060595069594	580.700012207031
640.788845740875	580
643.516234205844	579.5
646.242760848131	580.099975585938
648.968426051133	580.099975585938
651.693230198028	579.299987792969
654.417173671758	580.299987792969
657.140256855048	580
659.862480130382	580.700012207031
662.583843880031	579.299987792969
665.304348486038	582
668.023994330213	581.299987792969
670.742781794146	580.700012207031
673.460711259193	580.900024414063
676.177783106494	581.700012207031
678.893997716958	580.799987792969
681.609355471273	580.299987792969
684.323856749892	579.700012207031
687.037501933054	580.099975585938
689.750291400766	578.5
692.462225532817	578.599975585938
695.173304708767	577.200012207031
697.883529307948	576.799987792969
700.592899709474	575.900024414063
703.301416292235	576
706.009079434891	575.700012207031
708.715889515882	575.400024414063
711.421846913429	576.200012207031
714.12695200552	575.700012207031
716.831205169929	575.299987792969
719.534606784197	575.299987792969
722.237157225656	575.5
724.938856871403	575.799987792969
727.639706098315	575.299987792969
730.339705283051	575.799987792969
733.038854802044	575.099975585938
735.737155031505	575.400024414063
738.434606347429	574.700012207031
741.131209125576	575.900024414063
743.826963741496	576.200012207031
746.521870570514	575.099975585938
749.215929987738	575.799987792969
751.909142368047	576.799987792969
754.601508086102	576.599975585938
757.293027516346	576.099975585938
759.983701033001	576.099975585938
762.673529010063	577.799987792969
765.362511821317	575.599975585938
768.050649840315	576.799987792969
770.737943440409	577.200012207031
773.424392994707	578
776.109998876114	576.5
778.794761457311	576.099975585938
781.478681110757	578.799987792969
784.161758208702	576.700012207031
786.843993123158	577.900024414063
789.525386225938	578.799987792969
792.205937888628	578.799987792969
794.885648482593	579.299987792969
797.564518378977	579.299987792969
800.242547948719	580.299987792969
802.91973756253	580.5
805.596087590903	579.799987792969
808.271598404115	579.799987792969
810.946270372227	580.599975585938
813.620103865079	582.599975585938
816.293099252304	582.099975585938
818.965256903302	580.200012207031
821.636577187266	581.400024414063
824.307060473169	583
826.976707129774	582.400024414063
829.645517525619	581.599975585938
832.313492029027	579.599975585938
834.980631008114	580
837.646934830765	581.099975585938
840.312403864663	579.700012207031
842.977038477272	580.099975585938
845.640839035829	580.400024414063
848.303805907374	580.299987792969
850.965939458715	580.299987792969
853.627240056462	580.299987792969
856.287708066992	578.900024414063
858.947343856482	579.299987792969
861.606147790883	580
864.264120235946	580.400024414063
866.921261557193	580.599975585938
869.577572119941	579.900024414063
872.233052289285	580.400024414063
874.887702430119	582.700012207031
877.541522907114	581.799987792969
880.194514084725	580.099975585938
882.846676327204	581
885.498009998582	581.900024414063
888.148515462672	582.400024414063
890.798193083094	581.900024414063
893.447043223234	581.099975585938
896.095066246281	582.299987792969
898.742262515198	583.400024414063
901.388632392745	582.299987792969
904.034176241468	581.200012207031
906.678894423701	581
909.322787301569	582.299987792969
911.96585523698	583.5
914.608098591628	581.900024414063
917.249517727012	581.299987792969
919.8901130044	582.799987792969
922.529884784865	585.900024414063
925.168833429256	589.400024414063
927.806959298219	593.5
930.44426275219	602.400024414063
933.08074415139	614.599975585938
935.716403855834	628.299987792969
938.351242225327	636.900024414063
940.985259619459	641.299987792969
943.618456397621	642.599975585938
946.25083291898	646.900024414063
948.882389542505	646.299987792969
951.51312662695	644.400024414063
954.143044530861	641.900024414063
956.772143612576	642.200012207031
959.400424230229	644
962.027886741731	651.299987792969
964.654531504802	644.200012207031
967.280358876942	637.799987792969
969.905369215448	646
972.529562877409	652.900024414063
975.152940219698	648.700012207031
977.775501598988	638.900024414063
980.397247371753	641.099975585938
983.018177894236	645.299987792969
985.638293522497	643.5
988.257594612371	633.400024414063
990.876081519496	614.599975585938
993.493754599304	611.599975585938
996.11061420701	606.099975585938
998.726660697635	599.900024414063
1001.34189442599	592.900024414063
1003.95631574667	591.700012207031
1006.56992501407	592.799987792969
1009.1827225824	591
1011.79470880562	588.700012207031
1014.40588403752	585.700012207031
1017.01624863168	584.400024414063
1019.62580294146	585.400024414063
1022.23454732003	583.700012207031
1024.84248212034	581.700012207031
1027.44960769515	579.799987792969
1030.05592439701	579.299987792969
1032.66143257826	577
1035.26613259104	578.099975585938
1037.87002478729	576.700012207031
1040.47310951874	574.200012207031
1043.07538713691	574.299987792969
1045.67685799313	573.200012207031
1048.27752243853	572.799987792969
1050.877380824	571.5
1053.47643350028	573.299987792969
1056.07468081787	572.5
1058.67212312707	572.5
1061.26876077799	571.799987792969
1063.86459412053	571.099975585938
1066.45962350439	573.099975585938
1069.05384927906	572.700012207031
1071.64727179384	572.200012207031
1074.23989139782	572.099975585938
1076.83170843989	572.5
1079.42272326873	573
1082.01293623283	572.5
1084.60234768048	572.299987792969
1087.19095795975	572.299987792969
1089.77876741854	572
1092.36577640451	571.799987792969
1094.95198526514	572
1097.53739434772	571.799987792969
1100.12200399932	571.799987792969
1102.70581456683	571.799987792969
1105.2888263969	571.799987792969
1107.87103983603	571.5
1110.45245523048	572.200012207031
1113.03307292633	571.900024414063
1115.61289326946	571.799987792969
1118.19191660554	571.5
1120.77014328005	571.799987792969
1123.34757363828	571.5
1125.92420802528	571.599975585938
1128.50004678595	572.099975585938
1131.07509026496	571.599975585938
1133.64933880678	571.700012207031
1136.22279275572	571.299987792969
1138.79545245585	572.099975585938
1141.36731825104	571.5
1143.938390485	571.599975585938
1146.50866950121	571.299987792969
1149.07815564295	571.200012207031
1151.64684925332	571.799987792969
1154.21475067522	571
1156.78186025135	571.900024414063
1159.34817832419	571.5
1161.91370523606	571.700012207031
1164.47844132907	571.5
1167.04238694511	571.299987792969
1169.6055424259	571.599975585938
1172.16790811296	571.299987792969
1174.7294843476	571.700012207031
1177.29027147095	570.900024414063
1179.85026982392	572.099975585938
1182.40947974726	571.400024414063
1184.96790158149	571.299987792969
1187.52553566696	571.5
1190.08238234379	570.700012207031
1192.63844195195	572.299987792969
1195.19371483117	571.099975585938
1197.74820132102	571.400024414063
1200.30190176085	571
1202.85481648983	570.599975585938
1205.40694584694	571
1207.95829017093	570.900024414063
1210.50884980041	572
1213.05862507374	571
1215.60761632914	571
1218.15582390458	571.400024414063
1220.70324813788	571.599975585938
1223.24988936665	572.299987792969
1225.7957479283	572
1228.34082416005	571.400024414063
1230.88511839894	571.299987792969
1233.4286309818	571
1235.97136224527	571.700012207031
1238.5133125258	571.900024414063
1241.05448215965	571.299987792969
1243.59487148288	571.700012207031
1246.13448083136	571.599975585938
1248.67331054077	571.5
1251.2113609466	571.5
1253.74863238414	572.200012207031
1256.2851251885	570.5
1258.82083969457	571.400024414063
1261.35577623709	571.099975585938
1263.88993515057	571
1266.42331676935	570.799987792969
1268.95592142757	571.599975585938
1271.48774945919	572.099975585938
1274.01880119797	571.900024414063
1276.54907697748	571.5
1279.07857713109	570.900024414063
1281.60730199199	571.099975585938
1284.13525189319	571.900024414063
1286.66242716748	571.799987792969
1289.18882814748	572
1291.71445516563	571.200012207031
1294.23930855416	572.099975585938
1296.76338864512	571.099975585938
1299.28669577035	571.200012207031
1301.80923026153	571.299987792969
1304.33099245014	571
1306.85198266747	572.299987792969
1309.37220124461	571.900024414063
1311.89164851247	570.799987792969
1314.41032480178	571.5
1316.92823044306	571.700012207031
1319.44536576667	571
1321.96173110275	570.900024414063
1324.47732678127	571.299987792969
1326.99215313202	571.400024414063
1329.50621048457	571.599975585938
1332.01949916834	571
1334.53201951253	571.5
1337.04377184617	571.299987792969
1339.55475649811	570.799987792969
1342.06497379699	571.099975585938
1344.57442407128	571.299987792969
1347.08310764925	571.299987792969
1349.591024859	571.099975585938
1352.09817602842	571.400024414063
1354.60456148523	570.900024414063
1357.11018155696	571.5
1359.61503657096	571.799987792969
1362.11912685438	571.400024414063
1364.62245273419	572.200012207031
1367.12501453717	571.200012207031
1369.62681258992	571.599975585938
1372.12784721886	571
1374.6281187502	572.200012207031
1377.12762750999	571.200012207031
1379.62637382409	571.200012207031
1382.12435801817	570.700012207031
1384.6215804177	571.5
1387.11804134799	571.5
1389.61374113416	572.200012207031
1392.10868010112	571
1394.60285857364	571.099975585938
1397.09627687625	571.400024414063
1399.58893533336	570.799987792969
1402.08083426914	571.599975585938
1404.5719740076	570.799987792969
1407.06235487256	571.200012207031
1409.55197718767	571.5
1412.04084127638	571.099975585938
1414.52894746197	571.299987792969
1417.01629606751	571.299987792969
1419.50288741592	571.099975585938
1421.98872182992	571.299987792969
1424.47379963204	570.900024414063
1426.95812114464	571.099975585938
1429.44168668991	571.700012207031
1431.92449658981	572.200012207031
1434.40655116617	571.5
1436.88785074061	571.599975585938
1439.36839563456	571.5
1441.8481861693	572.400024414063
1444.32722266589	571.5
1446.80550544524	571.799987792969
1449.28303482807	571.099975585938
1451.75981113489	571.200012207031
1454.23583468607	571.599975585938
1456.71110580177	571.099975585938
1459.18562480199	571.200012207031
1461.65939200652	571.5
1464.13240773501	570.900024414063
1466.60467230688	571
1469.07618604141	571
1471.54694925768	571.200012207031
1474.01696227459	571.099975585938
1476.48622541087	571.400024414063
1478.95473898505	571.400024414063
1481.42250331551	570.799987792969
1483.88951872043	571.5
1486.3557855178	571.700012207031
1488.82130402545	570.5
1491.28607456102	571
1493.75009744198	571.5
1496.2133729856	571.200012207031
1498.67590150901	570.900024414063
1501.13768332911	571.200012207031
1503.59871876266	571
1506.05900812623	571.099975585938
1508.5185517362	571.299987792969
1510.97734990879	570.799987792969
1513.43540296002	571
1515.89271120576	571.299987792969
1518.34927496167	570.700012207031
1520.80509454325	571.299987792969
1523.26017026583	571.200012207031
1525.71450244454	570.400024414063
1528.16809139435	571
1530.62093743004	571.400024414063
1533.07304086622	571.099975585938
1535.52440201733	571.200012207031
1537.97502119761	570.900024414063
1540.42489872115	571.099975585938
1542.87403490184	571.200012207031
1545.32243005341	571.400024414063
1547.77008448939	570.599975585938
1550.21699852317	571.099975585938
1552.66317246794	571.599975585938
1555.1086066367	570.700012207031
1557.5533013423	571.400024414063
1559.99725689741	571.599975585938
1562.44047361452	571.299987792969
1564.88295180593	570.900024414063
1567.32469178378	570.599975585938
1569.76569386004	571
1572.20595834648	571.599975585938
1574.64548555473	572.299987792969
1577.0842757962	571.099975585938
1579.52232938217	570.599975585938
1581.95964662372	571.299987792969
1584.39622783175	571.099975585938
1586.83207331701	571.200012207031
1589.26718339005	570.799987792969
1591.70155836126	571
1594.13519854084	572.099975585938
1596.56810423885	570.299987792969
1599.00027576513	571.200012207031
1601.43171342938	571.400024414063
1603.86241754112	571.299987792969
1606.29238840968	571
1608.72162634424	570.900024414063
1611.15013165377	571.200012207031
1613.57790464712	571.200012207031
1616.00494563292	570.5
1618.43125491965	571.200012207031
1620.85683281561	571.200012207031
1623.28167962893	571.5
1625.70579566756	571.799987792969
1628.12918123928	571.5
1630.55183665171	571.099975585938
1632.97376221229	571.700012207031
1635.39495822827	571.099975585938
1637.81542500675	570.900024414063
1640.23516285466	570.700012207031
1642.65417207874	571.200012207031
1645.07245298557	570.799987792969
1647.49000588155	571
1649.90683107292	570.599975585938
1652.32292886574	570.700012207031
1654.7382995659	570.200012207031
1657.15294347913	571.299987792969
1659.56686091096	570.299987792969
1661.98005216678	571.599975585938
1664.3925175518	570.799987792969
1666.80425737105	571.299987792969
1669.21527192939	571.400024414063
1671.62556153152	570.299987792969
1674.03512648197	570.799987792969
1676.44396708509	570.799987792969
1678.85208364506	571.400024414063
1681.25947646591	570.799987792969
1683.66614585146	571
1686.0720921054	571.700012207031
1688.47731553122	570.5
1690.88181643228	571
1693.28559511172	571.299987792969
1695.68865187256	571.299987792969
1698.0909870176	571.099975585938
1700.49260084952	570.900024414063
1702.8934936708	570.200012207031
1705.29366578376	571.200012207031
1707.69311749055	570.799987792969
1710.09184909316	570.700012207031
1712.4898608934	570.700012207031
1714.88715319292	570.5
1717.28372629318	571.5
1719.67958049551	570.599975585938
1722.07471610104	571.200012207031
1724.46913341075	570.799987792969
1726.86283272544	571.200012207031
1729.25581434576	571
1731.64807857216	571.400024414063
1734.03962570496	570.599975585938
1736.43045604429	571.599975585938
1738.82056989012	570.700012207031
1741.20996754225	571.099975585938
1743.59864930031	571
1745.98661546377	571.200012207031
1748.37386633194	571
1750.76040220394	570.700012207031
1753.14622337875	570.200012207031
1755.53133015516	571.099975585938
1757.91572283181	571.799987792969
1760.29940170717	571.400024414063
1762.68236707954	570.900024414063
1765.06461924707	571.799987792969
1767.44615850771	571.200012207031
1769.82698515928	570.700012207031
1772.20709949941	571.099975585938
1774.58650182557	571.599975585938
1776.96519243509	570.799987792969
1779.3431716251	571.099975585938
1781.72043969258	571.299987792969
1784.09699693434	570.5
1786.47284364703	571.200012207031
1788.84798012714	571
1791.22240667099	570.799987792969
1793.59612357472	570.900024414063
1795.96913113433	571.200012207031
1798.34142964565	570.5
1800.71301940433	570.5
1803.08390070588	570.900024414063
1805.45407384563	571.5
1807.82353911874	571.099975585938
1810.19229682023	571
1812.56034724493	571.299987792969
1814.92769068753	571.5
1817.29432744254	570.900024414063
1819.66025780431	571
1822.02548206703	570.900024414063
1824.39000052473	571.200012207031
1826.75381347127	571.099975585938
1829.11692120035	570.799987792969
1831.4793240055	571
1833.8410221801	570.799987792969
1836.20201601737	571.099975585938
1838.56230581036	571
1840.92189185194	571.200012207031
1843.28077443485	571.400024414063
1845.63895385164	571.400024414063
1847.99643039473	571.099975585938
1850.35320435635	571
1852.70927602858	571.099975585938
1855.06464570333	571.5
1857.41931367236	570.900024414063
1859.77328022726	570.700012207031
1862.12654565946	570.900024414063
1864.47911026024	570.599975585938
1866.8309743207	571.5
1869.1821381318	570.700012207031
1871.53260198432	571.299987792969
1873.88236616888	570.700012207031
1876.23143097597	570.400024414063
1878.57979669587	570.799987792969
1880.92746361874	571.5
1883.27443203457	571.599975585938
1885.62070223317	570.900024414063
1887.96627450422	571.5
1890.31114913721	571.099975585938
1892.6553264215	570.700012207031
1894.99880664627	571.400024414063
1897.34159010055	571.5
1899.6836770732	570.799987792969
1902.02506785294	571.599975585938
1904.3657627283	571.099975585938
1906.70576198768	570.900024414063
1909.04506591931	571.799987792969
1911.38367481126	571
1913.72158895145	571.400024414063
1916.05880862762	570.599975585938
1918.39533412736	571.5
1920.73116573812	570.900024414063
1923.06630374718	570.599975585938
1925.40074844166	570.799987792969
1927.7345001085	571.200012207031
1930.06755903453	570.900024414063
1932.39992550638	570.400024414063
1934.73159981054	571.700012207031
1937.06258223335	570.799987792969
1939.39287306096	570.599975585938
1941.72247257941	571.5
1944.05138107454	571
1946.37959883206	571.099975585938
1948.70712613751	571.5
1951.03396327627	571.099975585938
1953.36011053358	571.400024414063
1955.6855681945	571.5
1958.01033654395	571.599975585938
1960.33441586669	572.099975585938
1962.65780644732	571.200012207031
1964.98050857029	571.099975585938
1967.30252251988	570.599975585938
1969.62384858023	570.700012207031
1971.94448703531	571.099975585938
1974.26443816896	571.099975585938
1976.58370226482	571.299987792969
1978.90227960641	570.900024414063
1981.22017047708	571
1983.53737516004	571.099975585938
1985.85389393832	571
1988.16972709481	571.099975585938
1990.48487491224	570.200012207031
1992.79933767319	571.400024414063
1995.11311566008	571.299987792969
1997.42620915518	570.900024414063
1999.73861844059	570.799987792969
2002.05034379828	571.200012207031
2004.36138551005	570.900024414063
2006.67174385755	570.900024414063
2008.98141912226	571.299987792969
2011.29041158554	571.099975585938
2013.59872152855	570.900024414063
2015.90634923235	570.599975585938
2018.21329497779	571.299987792969
2020.51955904561	571.099975585938
2022.82514171637	571.5
2025.13004327049	570.299987792969
2027.43426398823	571
2029.73780414971	571.400024414063
2032.04066403486	570.799987792969
2034.34284392351	571
2036.64434409529	571.5
2038.94516482971	570.900024414063
2041.2453064061	570.700012207031
2043.54476910365	571.299987792969
2045.84355320141	571.099975585938
2048.14165897825	570
2050.43908671292	570.599975585938
2052.73583668398	570.700012207031
2055.03190916987	571
2057.32730444887	570.900024414063
2059.62202279908	571.099975585938
2061.9160644985	570.5
2064.20942982493	570.5
2066.50211905605	571.200012207031
2068.79413246936	571.400024414063
2071.08547034224	571.700012207031
2073.3761329519	571
2075.66612057539	570.799987792969
2077.95543348964	571.599975585938
2080.24407197139	570.700012207031
2082.53203629726	571.200012207031
2084.81932674369	571.200012207031
2087.10594358702	570.900024414063
2089.39188710337	571.299987792969
2091.67715756876	571.099975585938
2093.96175525905	571
2096.24568044994	570.599975585938
2098.52893341697	570.900024414063
2100.81151443556	571.200012207031
2103.09342378097	570.599975585938
2105.37466172827	570.700012207031
2107.65522855245	570.400024414063
2109.93512452829	571.200012207031
2112.21434993045	570.900024414063
2114.49290503344	571.299987792969
2116.77079011161	571
2119.04800543916	570.5
2121.32455129016	571.200012207031
2123.6004279385	571.400024414063
2125.87563565795	570.799987792969
2128.15017472211	571.299987792969
2130.42404540444	570.700012207031
2132.69724797826	571.099975585938
2134.96978271673	571.5
2137.24164989285	570.700012207031
2139.5128497795	571
2141.7833826494	571.5
2144.0532487751	570.5
2146.32244842903	571
2148.59098188346	571.400024414063
2150.85884941052	570.799987792969
2153.12605128219	571
2155.39258777028	571.099975585938
2157.65845914648	571.5
2159.92366568233	571
2162.18820764921	570.099975585938
2164.45208531836	571.200012207031
2166.71529896086	570.099975585938
2168.97784884767	571.400024414063
2171.23973524959	570.599975585938
2173.50095843725	571.400024414063
2175.76151868116	571.099975585938
2178.02141625168	570.5
2180.28065141902	571
2182.53922445323	570.700012207031
2184.79713562425	570.700012207031
2187.05438520183	570.900024414063
2189.3109734556	571.200012207031
2191.56690065504	571.099975585938
2193.82216706948	570.400024414063
2196.0767729681	570.700012207031
2198.33071861995	570.700012207031
2200.58400429391	570.5
2202.83663025874	570.700012207031
2205.08859678303	571.200012207031
2207.33990413525	570.799987792969
2209.5905525837	570.5
2211.84054239656	571.400024414063
2214.08987384184	570.700012207031
2216.33854718742	571.099975585938
2218.58656270103	571
2220.83392065025	571.200012207031
2223.08062130254	571.200012207031
2225.32666492517	571
2227.57205178531	570.599975585938
2229.81678214995	570.700012207031
2232.06085628598	571.200012207031
2234.3042744601	570.700012207031
2236.54703693888	570.900024414063
2238.78914398877	571.099975585938
2241.03059587604	570.5
2243.27139286683	570.400024414063
2245.51153522716	571.299987792969
2247.75102322286	571
2249.98985711965	571.400024414063
2252.2280371831	571.200012207031
2254.46556367863	571.599975585938
2256.70243687153	571.299987792969
2258.93865702693	570.700012207031
2261.17422440982	571.700012207031
2263.40913928506	570.5
2265.64340191736	571
2267.87701257128	571.099975585938
2270.10997151124	570.599975585938
2272.34227900152	570.599975585938
2274.57393530627	570.700012207031
2276.80494068947	571.599975585938
2279.03529541498	571.099975585938
2281.26499974651	570.700012207031
2283.49405394762	571.900024414063
2285.72245828176	571.400024414063
2287.95021301219	570.799987792969
2290.17731840206	570.5
2292.40377471437	571.299987792969
2294.62958221198	571.299987792969
2296.85474115761	571.099975585938
2299.07925181383	571.200012207031
2301.30311444307	570.599975585938
2303.52632930764	571.400024414063
2305.74889666968	571
2307.9708167912	570.799987792969
2310.19208993407	571.200012207031
2312.41271636002	570.799987792969
2314.63269633064	571.400024414063
2316.85203010737	571.099975585938
2319.07071795153	571.200012207031
2321.28876012427	570.599975585938
2323.50615688663	571.5
2325.72290849948	570.799987792969
2327.93901522358	571.099975585938
2330.15447731952	571.099975585938
2332.36929504777	571.299987792969
2334.58346866865	570.900024414063
2336.79699844236	571.299987792969
2339.00988462894	570.900024414063
2341.22212748828	571.299987792969
2343.43372728016	570.700012207031
2345.64468426419	571.400024414063
2347.85499869988	570.900024414063
2350.06467084656	570.200012207031
2352.27370096344	570.700012207031
2354.4820893096	571
2356.68983614395	571.400024414063
2358.8969417253	570.5
2361.10340631229	570.400024414063
2363.30923016344	571.400024414063
2365.51441353712	570.599975585938
2367.71895669157	571
2369.92285988488	570.900024414063
2372.12612337501	571.299987792969
2374.32874741979	570.5
2376.5307322769	571.099975585938
2378.73207820387	571.299987792969
2380.93278545813	571.099975585938
2383.13285429692	571.099975585938
2385.3322849774	570.5
2387.53107775654	570.700012207031
2389.72923289121	571
2391.92675063812	570.900024414063
2394.12363125385	571.400024414063
2396.31987499484	570.599975585938
2398.51548211741	570.900024414063
2400.71045287771	570.799987792969
2402.90478753178	570.400024414063
2405.09848633552	571.400024414063
2407.29154954467	571.099975585938
2409.48397741487	571.5
2411.67577020159	570.599975585938
2413.86692816018	570.700012207031
2416.05745154585	571.099975585938
2418.24734061368	571.299987792969
2420.43659561861	570.400024414063
2422.62521681542	570.900024414063
2424.8132044588	570.900024414063
2427.00055880327	571.599975585938
2429.18728010321	571
2431.3733686129	570.900024414063
2433.55882458645	570.700012207031
2435.74364827784	570.700012207031
2437.92783994093	570.799987792969
2440.11139982943	571.599975585938
2442.29432819692	571.299987792969
2444.47662529684	570.700012207031
2446.6582913825	570.400024414063
2448.83932670708	571
2451.01973152361	571.400024414063
2453.199506085	571
2455.378650644	570.599975585938
2457.55716545327	570.599975585938
2459.73505076529	570.700012207031
2461.91230683243	571.200012207031
2464.08893390691	570.900024414063
2466.26493224085	571.200012207031
2468.44030208618	571.400024414063
2470.61504369474	571.799987792969
2472.78915731823	570.900024414063
2474.96264320819	571.099975585938
2477.13550161606	570.900024414063
2479.30773279313	571.599975585938
2481.47933699054	570.799987792969
2483.65031445932	570.5
2485.82066545037	571.599975585938
2487.99039021443	570.599975585938
2490.15948900213	571.5
2492.32796206396	570.299987792969
2494.49580965026	571.099975585938
2496.66303201127	571.5
2498.82962939707	571
2500.99560205762	570.5
2503.16095024274	570.900024414063
2505.32567420212	570.700012207031
2507.48977418531	571
2509.65325044174	570.799987792969
2511.81610322071	570.700012207031
2513.97833277137	570.5
2516.13993934275	571.200012207031
2518.30092318374	570.900024414063
2520.4612845431	571
2522.62102366948	570.900024414063
2524.78014081135	570.599975585938
2526.93863621709	570.400024414063
2529.09651013494	570.599975585938
2531.253762813	570.900024414063
2533.41039449923	569.900024414063
2535.56640544147	570.5
2537.72179588745	570.900024414063
2539.87656608472	571.099975585938
2542.03071628073	570.700012207031
2544.1842467228	570.200012207031
2546.33715765812	571.200012207031
2548.48944933372	571
2550.64112199654	570.799987792969
2552.79217589335	570.299987792969
2554.94261127083	570.599975585938
2557.09242837549	570.599975585938
2559.24162745373	571
2561.39020875182	570.299987792969
2563.5381725159	571.099975585938
2565.68551899197	570.900024414063
2567.83224842591	571.200012207031
2569.97836106346	571
2572.12385715023	571.099975585938
2574.26873693172	570.5
2576.41300065327	571
2578.55664856011	570.900024414063
2580.69968089733	571.099975585938
2582.84209790991	570.599975585938
2584.98389984267	571.200012207031
2587.12508694032	570.799987792969
2589.26565944745	571.200012207031
2591.40561760849	570.799987792969
2593.54496166777	570.099975585938
2595.68369186946	571.099975585938
2597.82180845765	570.700012207031
2599.95931167625	571.200012207031
2602.09620176906	570.799987792969
2604.23247897976	570.200012207031
2606.36814355189	571
2608.50319572888	571.200012207031
2610.637635754	571.200012207031
2612.77146387041	570.900024414063
2614.90468032115	570.599975585938
2617.03728534911	571.200012207031
2619.16927919707	571.200012207031
2621.30066210767	571.299987792969
2623.43143432344	570.400024414063
2625.56159608675	571.200012207031
2627.69114763987	570.799987792969
2629.82008922494	570.400024414063
2631.94842108397	570.5
2634.07614345881	570.900024414063
2636.20325659124	570.900024414063
2638.32976072287	571.099975585938
2640.45565609519	571.299987792969
2642.58094294957	571
2644.70562152727	570.599975585938
2646.82969206938	570.599975585938
2648.95315481689	571.599975585938
2651.07601001068	570.900024414063
2653.19825789146	571.099975585938
2655.31989869984	571.299987792969
2657.4409326763	571
2659.5613600612	571.900024414063
2661.68118109477	570.299987792969
2663.80039601709	570.900024414063
2665.91900506815	570.5
2668.03700848778	571
2670.15440651572	571.299987792969
2672.27119939155	571
2674.38738735474	570.599975585938
2676.50297064464	570.599975585938
2678.61794950046	570.400024414063
2680.73232416129	571.400024414063
2682.8460948661	570.700012207031
2684.95926185372	570.799987792969
2687.07182536288	571.099975585938
2689.18378563215	571
2691.2951429	571.299987792969
2693.40589740476	570.799987792969
2695.51604938466	570.5
2697.62559907777	570.299987792969
2699.73454672206	571.099975585938
2701.84289255537	570.900024414063
2703.9506368154	571.299987792969
2706.05777973974	570.799987792969
2708.16432156586	571
2710.27026253109	571.099975585938
2712.37560287265	570.900024414063
2714.48034282762	571.099975585938
2716.58448263297	571.099975585938
2718.68802252554	571
2720.79096274205	570.599975585938
2722.89330351908	570.700012207031
2724.9950450931	570.200012207031
2727.09618770046	571.099975585938
2729.19673157737	572.299987792969
2731.29667695993	571.099975585938
2733.39602408412	571.799987792969
2735.49477318577	571.099975585938
2737.59292450063	571.099975585938
2739.69047826427	571.099975585938
2741.78743471219	571.200012207031
2743.88379407973	570.799987792969
2745.97955660213	570.900024414063
2748.0747225145	570.799987792969
2750.16929205182	570.599975585938
2752.26326544894	570.400024414063
2754.35664294062	570.700012207031
2756.44942476146	570.799987792969
2758.54161114596	570.799987792969
2760.63320232849	570.599975585938
2762.72419854329	571
2764.81460002448	570.700012207031
2766.90440700609	571.099975585938
2768.99361972197	571.400024414063
2771.08223840589	571.5
2773.17026329149	571.200012207031
2775.25769461228	570.900024414063
2777.34453260165	571.200012207031
2779.43077749286	571
2781.51642951907	570.900024414063
2783.60148891331	571.400024414063
2785.68595590846	571
2787.76983073733	570.5
2789.85311363256	571.200012207031
2791.9358048267	571.299987792969
2794.01790455216	570.700012207031
2796.09941304125	570.900024414063
2798.18033052613	572
2800.26065723885	571.299987792969
2802.34039341136	571
2804.41953927546	570.599975585938
2806.49809506285	571.900024414063
2808.57606100508	570.900024414063
2810.65343733362	570.400024414063
2812.73022427978	570.900024414063
2814.80642207479	570.700012207031
2816.88203094971	571.5
2818.95705113553	570.799987792969
2821.03148286309	570.900024414063
2823.1053263631	571.099975585938
2825.17858186619	571.200012207031
2827.25124960282	571.400024414063
2829.32332980338	571.099975585938
2831.3948226981	571
2833.4657285171	570.400024414063
2835.5360474904	571.200012207031
2837.60577984788	570.599975585938
2839.67492581931	570.700012207031
2841.74348563432	570.799987792969
2843.81145952246	571.299987792969
2845.87884771311	570.700012207031
2847.94565043558	570.799987792969
2850.01186791904	571.099975585938
2852.07750039252	571.299987792969
2854.14254808497	570.900024414063
2856.20701122519	570.799987792969
2858.27089004187	570.400024414063
2860.33418476359	570.799987792969
2862.3968956188	570.799987792969
2864.45902283584	570.900024414063
2866.52056664292	570.799987792969
2868.58152726815	571
2870.6419049395	570.099975585938
2872.70169988483	572
2874.76091233189	571.299987792969
2876.8195425083	570.900024414063
2878.87759064156	571
2880.93505695907	570.700012207031
2882.9919416881	571.099975585938
2885.0482450558	571.5
2887.10396728919	571.400024414063
2889.15910861521	570.900024414063
2891.21366926064	571.099975585938
2893.26764945217	571.299987792969
2895.32104941635	570.900024414063
2897.37386937965	571.099975585938
2899.42610956839	570.900024414063
2901.47777020876	570.900024414063
2903.52885152688	570.799987792969
2905.57935374871	571.700012207031
2907.62927710012	570.299987792969
2909.67862180685	570.900024414063
2911.72738809451	571.5
2913.77557618863	571.200012207031
2915.82318631459	571.299987792969
2917.87021869767	570.400024414063
2919.91667356302	571.299987792969
2921.96255113569	571
2924.0078516406	570.599975585938
2926.05257530256	571.400024414063
2928.09672234625	571.5
2930.14029299627	571
2932.18328747706	570.799987792969
2934.22570601297	570.900024414063
2936.26754882822	570.299987792969
2938.30881614693	571.400024414063
2940.34950819309	571.299987792969
2942.38962519059	572.299987792969
2944.42916736317	571
2946.4681349345	571.400024414063
2948.50652812811	573.099975585938
2950.5443471674	570.900024414063
2952.58159227569	571.200012207031
2954.61826367616	571.299987792969
2956.65436159187	571.099975585938
2958.68988624578	570.700012207031
2960.72483786074	571.099975585938
2962.75921665946	570.799987792969
2964.79302286456	570.5
2966.82625669853	570.700012207031
2968.85891838376	570.099975585938
2970.8910081425	571
2972.9225261969	571.900024414063
2974.95347276901	570.700012207031
2976.98384808074	571.5
2979.0136523539	571.400024414063
2981.04288581017	570.900024414063
2983.07154867115	571
2985.09964115829	570.900024414063
2987.12716349294	571.599975585938
2989.15411589634	571.099975585938
2991.1804985896	571
2993.20631179374	570.700012207031
2995.23155572964	571.099975585938
2997.25623061809	571.200012207031
2999.28033667975	570.700012207031
3001.30387413517	570.799987792969
3003.32684320479	571.099975585938
3005.34924410893	571.200012207031
3007.37107706781	571.400024414063
3009.39234230152	570.799987792969
3011.41304003005	570.700012207031
3013.43317047327	572.200012207031
3015.45273385093	571.099975585938
3017.47173038268	571.099975585938
3019.49016028805	571.400024414063
3021.50802378646	571.200012207031
3023.52532109722	570.900024414063
3025.54205243951	571.200012207031
3027.55821803242	571
3029.57381809492	570.400024414063
3031.58885284585	570.599975585938
3033.60332250397	571.400024414063
3035.6172272879	571.299987792969
3037.63056741615	571.400024414063
3039.64334310714	571.299987792969
3041.65555457916	571.599975585938
3043.66720205038	571.200012207031
3045.67828573888	570.900024414063
3047.68880586261	571.299987792969
3049.69876263941	571.099975585938
3051.70815628702	571
3053.71698702306	571.299987792969
3055.72525506504	571.900024414063
3057.73296063035	570.799987792969
3059.74010393629	570.599975585938
3061.74668520001	570.799987792969
3063.7527046386	571.200012207031
3065.75816246899	570.799987792969
3067.76305890803	570.5
3069.76739417246	571.200012207031
3071.77116847887	571
3073.77438204379	570.700012207031
3075.7770350836	570.599975585938
3077.77912781459	570.299987792969
3079.78066045294	570.700012207031
3081.78163321471	570.5
3083.78204631584	571
3085.78189997218	571.400024414063
3087.78119439947	571.299987792969
3089.77992981332	570.900024414063
3091.77810642924	571
3093.77572446263	571
3095.77278412878	571.5
3097.76928564286	570.799987792969
3099.76522921996	571
3101.76061507502	571
3103.75544342289	571
3105.74971447832	571.299987792969
3107.74342845592	571.200012207031
3109.73658557023	571.599975585938
3111.72918603565	570.700012207031
3113.72123006647	571.5
3115.7127178769	571
3117.70364968099	571.200012207031
3119.69402569274	570.400024414063
3121.683846126	571.200012207031
3123.67311119453	571.299987792969
3125.66182111195	570.5
3127.64997609181	570.900024414063
3129.63757634754	570.599975585938
3131.62462209245	570.900024414063
3133.61111353974	571.599975585938
3135.59705090251	570.400024414063
3137.58243439375	570.5
3139.56726422634	571
3141.55154061306	571.299987792969
3143.53526376656	571.099975585938
3145.5184338994	571.099975585938
3147.50105122402	571.200012207031
3149.48311595276	571.299987792969
3151.46462829785	570.799987792969
3153.44558847141	571
3155.42599668545	571.400024414063
3157.40585315188	571.099975585938
3159.38515808249	570.900024414063
3161.36391168897	570.599975585938
3163.3421141829	571.200012207031
3165.31976577575	571.200012207031
3167.29686667889	570.799987792969
3169.27341710357	570.700012207031
3171.24941726095	571.299987792969
3173.22486736205	570.900024414063
3175.19976761783	570.5
3177.1741182391	570.700012207031
3179.14791943658	570.599975585938
3181.12117142088	571.099975585938
3183.09387440251	571.200012207031
3185.06602859187	571.599975585938
3187.03763419925	571.099975585938
3189.00869143482	571.099975585938
3190.97920050867	571
3192.94916163076	571
3194.91857501096	570.700012207031
3196.88744085902	571.200012207031
3198.85575938459	570.700012207031
3200.82353079722	571.5
3202.79075530634	571.900024414063
3204.75743312127	570.799987792969
3206.72356445124	571.299987792969
3208.68914950538	571
3210.65418849267	571.299987792969
3212.61868162205	571
3214.58262910229	570.5
3216.54603114208	571.299987792969
3218.50888795003	571
3220.4711997346	570.799987792969
3222.43296670417	570.799987792969
3224.39418906701	571.200012207031
3226.35486703127	570.400024414063
3228.31500080503	570.799987792969
3230.27459059622	570.900024414063
3232.23363661268	571
3234.19213906218	570.400024414063
3236.15009815232	571
3238.10751409066	571
3240.0643870846	571.299987792969
3242.02071734147	570
3243.97650506848	571
3245.93175047274	570.799987792969
3247.88645376125	570.900024414063
3249.84061514091	571.099975585938
3251.79423481851	570.900024414063
3253.74731300075	571.5
3255.6998498942	570.599975585938
3257.65184570535	571
3259.60330064057	571.299987792969
3261.55421490613	571.299987792969
3263.50458870819	573.099975585938
3265.45442225282	571.5
3267.40371574598	571.200012207031
3269.35246939351	570.900024414063
3271.30068340116	571.700012207031
3273.24835797458	570.799987792969
3275.19549331931	571.5
3277.14208964078	571.400024414063
3279.08814714433	571.700012207031
3281.03366603518	571.200012207031
3282.97864651846	571
3284.92308879919	571.400024414063
3286.86699308229	571
3288.81035957257	570.900024414063
3290.75318847472	570.400024414063
3292.69547999338	570.700012207031
3294.63723433304	571.099975585938
3296.57845169809	570.599975585938
3298.51913229284	571.099975585938
3300.45927632147	571.400024414063
3302.39888398807	570.400024414063
3304.33795549664	571.400024414063
3306.27649105106	571.099975585938
3308.2144908551	571.700012207031
3310.15195511244	571.299987792969
3312.08888402667	571.200012207031
3314.02527780124	571.099975585938
3315.96113663953	571.200012207031
3317.89646074481	571
3319.83125032024	571.299987792969
3321.76550556889	570.799987792969
3323.6992266937	571.799987792969
3325.63241389755	570.599975585938
3327.56506738317	570.799987792969
3329.49718735324	571.200012207031
3331.42877401028	571.5
3333.35982755676	570.5
3335.29034819502	571.5
3337.2203361273	570.700012207031
3339.14979155574	571.099975585938
3341.07871468239	570.299987792969
3343.00710570919	571
3344.93496483796	571.400024414063
3346.86229227044	570.599975585938
3348.78908820827	571
3350.71535285298	570.5
3352.641086406	570.799987792969
3354.56628906865	570.799987792969
3356.49096104218	571.200012207031
3358.41510252769	571.099975585938
3360.33871372621	571.299987792969
3362.26179483868	571.299987792969
3364.18434606591	571
3366.10636760862	571.599975585938
3368.02785966744	571
3369.94882244288	571.200012207031
3371.86925613536	570.700012207031
3373.78916094521	570.900024414063
3375.70853707263	571.400024414063
3377.62738471775	571
3379.54570408058	570.900024414063
3381.46349536103	571.200012207031
3383.38075875893	571.400024414063
3385.29749447398	571.299987792969
3387.2137027058	570.599975585938
3389.12938365391	571.099975585938
3391.04453751772	571
3392.95916449654	571.200012207031
3394.87326478958	571.700012207031
3396.78683859597	571
3398.69988611471	570.700012207031
3400.61240754471	571
3402.5244030848	571.299987792969
3404.43587293368	570.700012207031
3406.34681728997	571.099975585938
3408.25723635219	571.700012207031
3410.16713031874	570.900024414063
3412.07649938795	571.299987792969
3413.98534375804	571.099975585938
3415.89366362711	571
3417.80145919319	570.900024414063
3419.70873065419	571
3421.61547820794	571.799987792969
3423.52170205215	571.299987792969
3425.42740238444	571.299987792969
3427.33257940234	571.5
3429.23723330327	572
3431.14136428455	570.900024414063
3433.04497254341	571
3434.94805827698	570.200012207031
3436.85062168228	570.700012207031
3438.75266295624	571.5
3440.65418229569	571.099975585938
3442.55517989737	571.099975585938
3444.4556559579	571.5
3446.35561067382	571
3448.25504424158	570.5
3450.1539568575	570.900024414063
3452.05234871783	571.299987792969
3453.95022001871	571.299987792969
3455.84757095618	571.5
3457.74440172619	571
3459.6407125246	571
3461.53650354714	571
3463.43177498947	571.799987792969
3465.32652704714	570.299987792969
3467.22075991561	570.799987792969
3469.11447379025	571.200012207031
3471.00766886631	571.299987792969
3472.90034533896	571.799987792969
3474.79250340325	571.099975585938
3476.68414325417	571.299987792969
3478.57526508658	571.200012207031
3480.46586909526	571.700012207031
3482.35595547489	570.799987792969
3484.24552442004	571.400024414063
3486.13457612519	571.099975585938
3488.02311078475	571.200012207031
3489.91112859298	570.599975585938
3491.79862974409	570.700012207031
3493.68561443217	570.200012207031
3495.57208285122	570.700012207031
3497.45803519513	571
3499.34347165772	571.400024414063
3501.22839243269	570.900024414063
3503.11279771366	570.799987792969
3504.99668769414	570.200012207031
3506.88006256754	571
3508.76292252719	571.200012207031
3510.64526776633	570.700012207031
3512.52709847806	570.900024414063
3514.40841485544	571.400024414063
3516.2892170914	571.099975585938
3518.16950537877	571
3520.0492799103	571.200012207031
3521.92854087865	570.400024414063
3523.80728847637	571.299987792969
3525.6855228959	571.400024414063
3527.56324432963	571.400024414063
3529.4404529698	572
3531.3171490086	570.700012207031
3533.19333263809	570.599975585938
3535.06900405026	570.799987792969
3536.94416343699	570.700012207031
3538.81881099007	571.400024414063
3540.69294690119	571
3542.56657136195	570.700012207031
3544.43968456385	570.700012207031
3546.3122866983	570.700012207031
3548.18437795661	570.900024414063
3550.05595853	570.5
3551.92702860958	571.400024414063
3553.7975883864	570.900024414063
3555.66763805137	570.599975585938
3557.53717779533	571.200012207031
3559.40620780904	571.099975585938
3561.27472828313	570.5
3563.14273940817	570.700012207031
3565.0102413746	570.799987792969
3566.87723437279	571.099975585938
3568.74371859302	571.299987792969
3570.60969422545	571.099975585938
3572.47516146018	571.700012207031
3574.34012048717	571.200012207031
3576.20457149634	571.400024414063
3578.06851467747	570.599975585938
3579.93195022027	570.900024414063
3581.79487831434	571.200012207031
3583.65729914922	571.299987792969
3585.51921291431	570.900024414063
3587.38061979894	571.599975585938
3589.24151999235	571.299987792969
3591.10191368369	571.099975585938
3592.96180106198	570.799987792969
3594.8211823162	570.400024414063
3596.6800576352	570.400024414063
3598.53842720774	570.5
3600.3962912225	570.200012207031
3602.25364986806	570.200012207031
3604.1105033329	570.900024414063
3605.96685180541	570.599975585938
3607.82269547389	571.200012207031
3609.67803452656	570.299987792969
3611.53286915151	571.200012207031
3613.38719953678	571.900024414063
3615.24102587028	571
3617.09434833986	570.700012207031
3618.94716713325	570.599975585938
3620.7994824381	571.200012207031
3622.65129444197	571.099975585938
3624.50260333232	571.200012207031
3626.35340929651	571.200012207031
3628.20371252183	571
3630.05351319546	571.5
3631.90281150449	571.400024414063
3633.75160763592	571.599975585938
3635.59990177666	571.099975585938
3637.44769411353	571.700012207031
3639.29498483324	570.900024414063
3641.14177412243	571.400024414063
3642.98806216763	571.299987792969
3644.83384915529	571.799987792969
3646.67913527177	570.700012207031
3648.52392070333	572.5
3650.36820563613	570.400024414063
