-94.6818902352418	569.900024414063
-91.7178116798149	569.400024414063
-88.7547023602959	570.5
-85.7925618283327	569.799987792969
-82.8313896358261	569.5
-79.8711853349613	569.599975585938
-76.9119484782043	570
-73.9536786182892	570.099975585938
-70.9963753082344	570.200012207031
-68.0400381013257	570.299987792969
-65.0846665511289	569.799987792969
-62.1302602114812	570
-59.1768186365029	569.599975585938
-56.2243413805692	569.700012207031
-53.2728279983503	570.200012207031
-50.322278044787	570
-47.3726910750863	569.700012207031
-44.4240666447295	570.099975585938
-41.4764043094838	570.299987792969
-38.5297036253659	570.099975585938
-35.5839641486906	570.099975585938
-32.6391854360335	568.700012207031
-29.6953670442396	570.400024414063
-26.7525085304387	570.599975585938
-23.8106094520172	570.799987792969
-20.8696693666422	570.099975585938
-17.9296878322571	570.700012207031
-14.990664407069	571.700012207031
-12.0525986495573	579.599975585938
-9.1154901184769	599.700012207031
-6.17933837285004	636.700012207031
-3.24414297197032	692
-0.309903475398349	785.599975585938
2.6233805570224	792.599975585938
5.5557095651939	749.900024414063
8.48708398873965	691.099975585938
11.417504267013	634.200012207031
14.3469708391051	602.599975585938
17.2754841438297	581.200012207031
20.2030446197305	573
23.1296527050902	571.099975585938
26.055308837918	571.700012207031
28.9800134559584	569.900024414063
31.9037669966788	570.299987792969
34.8265698972865	570.5
37.7484225947199	569.799987792969
40.6693255256457	570.299987792969
43.5892791264743	569.5
46.5082838333286	569.900024414063
49.4263400820919	568.799987792969
52.343448308348	570.099975585938
55.2596089474457	569.900024414063
58.1748224344429	570.599975585938
61.0890892041507	569.799987792969
64.0024096910936	568.900024414063
66.9147843295499	569.299987792969
69.8262135535237	569.799987792969
72.7366977967493	569.700012207031
75.646237492707	570.400024414063
78.5548330745998	570.299987792969
81.4624849753774	570.400024414063
84.3691936277124	570.099975585938
87.2749594640282	569.700012207031
90.1797829164639	569.200012207031
93.0836644169178	570.200012207031
95.986604397004	572.400024414063
98.8886032880924	570.099975585938
101.789661521269	570.200012207031
104.689779527372	570.099975585938
107.588957736969	569.900024414063
110.487196580371	570.900024414063
113.384496487618	570.400024414063
116.280857888492	571.099975585938
119.17628121252	570.700012207031
122.07076688895	570.799987792969
124.964315346787	572.599975585938
127.856927014764	571.799987792969
130.748602321351	574
133.63934169476	575.900024414063
136.52914556295	576.799987792969
139.418014353601	575.900024414063
142.305948494147	576.700012207031
145.192948411762	578.299987792969
148.079014533349	577.299987792969
150.964147285558	577.599975585938
153.848347094784	577.700012207031
156.731614387146	578.400024414063
159.613949588528	577.599975585938
162.495353124535	577.799987792969
165.375825420517	577.400024414063
168.255366901569	577.799987792969
171.133977992528	578.400024414063
174.011659117973	578.200012207031
176.888410702216	577.599975585938
179.76423316932	576.400024414063
182.639126943089	578
185.513092447068	578.299987792969
188.38613010454	578.200012207031
191.258240338542	577.700012207031
194.129423571842	578.700012207031
196.999680226957	579.299987792969
199.86901072615	578.700012207031
202.737415491424	578.299987792969
205.604894944522	578.799987792969
208.471449506939	577.900024414063
211.337079599913	578.099975585938
214.201785644413	579.400024414063
217.065568061175	578
219.928427270659	577.900024414063
222.790363693085	578.200012207031
225.651377748406	579.5
228.511469856331	578.400024414063
231.370640436308	579
234.228889907531	579.299987792969
237.086218688946	578.599975585938
239.942627199236	578.799987792969
242.798115856831	578.700012207031
245.652685079919	577.900024414063
248.50633528642	578.400024414063
251.359066894015	578.599975585938
254.210880320118	579
257.0617759819	577.900024414063
259.911754296275	578.200012207031
262.760815679908	579.900024414063
265.608960549209	579.200012207031
268.456189320332	578.900024414063
271.30250240919	578.799987792969
274.147900231434	578.5
276.992383202475	579.599975585938
279.835951737452	578.599975585938
282.678606251282	579.099975585938
285.520347158607	578.299987792969
288.361174873827	578.900024414063
291.201089811094	580.200012207031
294.040092384307	579.900024414063
296.878183007115	577.900024414063
299.715362092912	578.599975585938
302.551630054858	580.700012207031
305.386987305845	579.700012207031
308.221434258528	579.799987792969
311.054971325307	578.299987792969
313.887598918332	578.900024414063
316.71931744951	579.799987792969
319.550127330492	580.099975585938
322.380028972692	579.700012207031
325.209022787264	578.700012207031
328.037109185117	580.799987792969
330.864288576915	579.400024414063
333.690561373075	579.599975585938
336.515927983763	579.799987792969
339.340388818899	579.900024414063
342.163944288156	580
344.986594800962	579.200012207031
347.808340766495	580.299987792969
350.629182593689	578.799987792969
353.44912069123	580.700012207031
356.268155467559	579.5
359.086287330868	579.099975585938
361.903516689109	580
364.719843949987	579.799987792969
367.535269520956	581.799987792969
370.349793809229	580.200012207031
373.163417221774	578.900024414063
375.976140165312	578.700012207031
378.787963046327	579.700012207031
381.598886271043	580.900024414063
384.408910245454	578.200012207031
387.218035375308	579.599975585938
390.026262066104	579.299987792969
392.833590723098	578.299987792969
395.6400217513	581.5
398.445555555486	579.400024414063
401.250192540183	580.099975585938
404.053933109673	580.099975585938
406.856777667997	579.599975585938
409.658726618955	580.299987792969
412.459780366101	580
415.259939312753	579.799987792969
418.059203861978	580.099975585938
420.857574416606	580.5
423.655051379224	579.799987792969
426.451635152192	581.700012207031
429.247326137592	579.599975585938
432.042124737305	579.400024414063
434.83603135295	579.200012207031
437.629046385904	579.200012207031
440.421170237315	580.799987792969
443.212403308082	582
446.002745998859	581.200012207031
448.792198710075	579.700012207031
451.580761841906	580.299987792969
454.368435794293	579.299987792969
457.155220966939	579.400024414063
459.941117759304	582.799987792969
462.726126570612	580.099975585938
465.510247799839	580
468.293481845742	578.299987792969
471.075829106821	580.700012207031
473.857289981343	578.400024414063
476.637864867336	579.599975585938
479.41755416259	579
482.196358264664	579.200012207031
484.974277570869	579.799987792969
487.751312478281	580.099975585938
490.527463383743	578.099975585938
493.302730683853	580
496.077114774984	578.200012207031
498.850616053258	578
501.623234914575	579.599975585938
504.394971754582	578.299987792969
507.165826968705	578.400024414063
509.935800952119	578.700012207031
512.704894099782	577.900024414063
515.473106806397	579.099975585938
518.240439466439	578.900024414063
521.006892474154	578.599975585938
523.772466223546	578.200012207031
526.537161108374	577.700012207031
529.300977522185	578.5
532.063915858276	579.400024414063
534.82597650971	578.200012207031
537.587159869318	577.700012207031
540.347466329698	578.200012207031
543.106896283206	578.200012207031
545.865450121978	579.900024414063
548.62312823791	578.400024414063
551.379931022654	577.700012207031
554.135858867649	577.400024414063
556.890912164082	578.099975585938
559.645091302916	577.599975585938
562.39839667488	578.700012207031
565.150828670471	577.200012207031
567.902387679954	578.599975585938
570.653074093352	578.700012207031
573.402888300475	578.599975585938
576.151830690881	577.799987792969
578.899901653911	578.5
581.64710157867	579.5
584.39343085402	579.099975585938
587.138889868615	578
589.883479010855	578.400024414063
592.627198668921	580.099975585938
595.370049230762	579.200012207031
598.112031084094	578.5
600.853144616402	579.099975585938
603.593390214948	578.099975585938
606.332768266756	578.799987792969
609.07127915862	579.599975585938
611.808923277105	580
614.545701008557	579.799987792969
617.281612739077	579
620.016658854538	578.799987792969
622.750839740605	579
625.484155782683	579.599975585938
628.216607365976	579
630.948194875433	577.799987792969
633.678918695803	578.299987792969
636.408779211583	579.200012207031
639.137776807058	579.299987792969
641.865911866272	579.200012207031
644.593184773055	578.400024414063
647.319595910995	578.900024414063
650.045145663466	579.799987792969
652.769834413604	578.400024414063
655.493662544324	578.5
658.216630438315	578.200012207031
660.938738478037	579.5
663.659987045719	579.200012207031
666.380376523373	580.5
669.099907292776	579.200012207031
671.818579735489	579.299987792969
674.536394232832	578
677.253351165917	578.5
679.969450915618	579.200012207031
682.684693862585	579.799987792969
685.399080387251	580.200012207031
688.112610869813	579.599975585938
690.825285690249	577.900024414063
693.537105228314	578.599975585938
696.248069863538	579.099975585938
698.958179975218	578
701.667435942439	577.400024414063
704.375838144054	579.099975585938
707.083386958696	579.900024414063
709.790082764773	579.099975585938
712.495925940468	578.099975585938
715.200916863742	578.700012207031
717.905055912334	578.299987792969
720.608343463755	580.200012207031
723.310779895306	578.900024414063
726.012365584044	579
728.713100906829	579
731.412986240272	579.5
734.112021960784	581.099975585938
736.810208444542	578.5
739.507546067506	579.700012207031
742.204035205409	579.900024414063
744.899676233766	580.400024414063
747.594469527873	579.5
750.288415462801	579.299987792969
752.981514413399	579.900024414063
755.673766754301	579.599975585938
758.365172859913	579.900024414063
761.055733104428	580.799987792969
763.74544786181	579.5
766.434317505808	579.700012207031
769.122342409953	579.299987792969
771.80952294755	580
774.49585949169	580.299987792969
777.181352415237	579.099975585938
779.866002090844	581.200012207031
782.54980889094	580.700012207031
785.232773187742	580.299987792969
787.914895353228	579.799987792969
790.596175759182	580
793.276614777158	580.5
795.956212778492	581.5
798.634970134295	581.700012207031
801.312887215471	579.599975585938
803.989964392704	581.799987792969
806.666202036451	580
809.341600516966	580.400024414063
812.016160204274	581.400024414063
814.689881468185	580.200012207031
817.362764678295	581.099975585938
820.034810203979	582
822.706018414398	581.700012207031
825.376389678493	580.200012207031
828.045924364992	579.900024414063
830.71462284241	579.5
833.382485479036	580.200012207031
836.049512642946	580
838.715704702013	581.700012207031
841.381062023871	580.799987792969
844.045584975959	582.099975585938
846.709273925484	581.200012207031
849.372129239456	580.599975585938
852.034151284649	580.400024414063
854.695340427643	581.400024414063
857.355697034787	581.200012207031
860.015221472225	581.099975585938
862.673914105879	581.299987792969
865.331775301463	581.200012207031
867.988805424477	580.5
870.645004840199	581.900024414063
873.300373913701	580.400024414063
875.954913009845	579.200012207031
878.60862249326	580.900024414063
881.261502728385	580.299987792969
883.913554079431	581
886.564776910405	581.299987792969
889.215171585089	580.5
891.864738467072	580.700012207031
894.513477919707	582
897.16139030615	581.700012207031
899.80847598934	581
902.454735332004	582.299987792969
905.100168696658	582.5
907.744776445603	582.299987792969
910.388558940932	581.299987792969
913.031516544529	581.200012207031
915.673649618057	581.400024414063
918.314958522982	582.799987792969
920.955443620539	581.700012207031
923.595105271772	582.5
926.233943837502	582.900024414063
928.871959678349	582.900024414063
931.509153154708	582.700012207031
934.145524626778	581.900024414063
936.781074454544	581.200012207031
939.415802997774	582.400024414063
942.049710616031	584.299987792969
944.682797668677	582.700012207031
947.315064514852	582.5
949.94651151349	582.099975585938
952.577139023317	582.599975585938
955.206947402848	584.200012207031
957.835937010394	582
960.464108204056	583.099975585938
963.091461341715	582.799987792969
965.71799678106	584.599975585938
968.343714879566	584.099975585938
970.968615994492	582.299987792969
973.592700482906	582.799987792969
976.215968701646	583.099975585938
978.838421007358	582.599975585938
981.46005775648	584.599975585938
984.080879305233	583.599975585938
986.700886009642	583.299987792969
989.320078225514	584.799987792969
991.938456308459	584.799987792969
994.556020613877	583.799987792969
997.172771496957	584.5
999.788709312683	585.299987792969
1002.40383441584	584.900024414063
1005.018147161	585.5
1007.63164790252	584.700012207031
1010.24433699457	586.299987792969
1012.85621479111	586
1015.46728164588	586.299987792969
1018.07753791243	584.5
1020.6869839441	584.900024414063
1023.29562009402	585.200012207031
1025.90344671513	587
1028.51046416013	585.099975585938
1031.11667278157	585.099975585938
1033.72207293174	585.700012207031
1036.32666496276	586.799987792969
1038.93044922653	586.700012207031
1041.53342607477	586.799987792969
1044.13559585896	589.400024414063
1046.7369589304	587.5
1049.33751564019	588.900024414063
1051.9372663392	587.599975585938
1054.53621137812	588.200012207031
1057.13435110744	587.299987792969
1059.73168587742	587.900024414063
1062.32821603816	589.099975585938
1064.92394193951	591.900024414063
1067.51886393115	590.599975585938
1070.11298236253	587.400024414063
1072.70629758294	590.099975585938
1075.29880994142	591.599975585938
1077.89051978685	591.5
1080.48142746787	590.200012207031
1083.07153333294	590.599975585938
1085.66083773033	592.200012207031
1088.24934100808	589.299987792969
1090.83704351404	590.900024414063
1093.42394559587	592
1096.01004760101	591
1098.59534987672	593.900024414063
1101.17985277004	593.099975585938
1103.76355662782	592.299987792969
1106.34646179672	591.400024414063
1108.92856862316	593
1111.50987745341	594.900024414063
1114.09038863351	592.700012207031
1116.6701025093	590.799987792969
1119.24901942644	594.599975585938
1121.82713973036	596.799987792969
1124.40446376633	594.799987792969
1126.98099187938	595.099975585938
1129.55672441438	594.799987792969
1132.13166171596	594.5
1134.70580412858	597
1137.2791519965	596.900024414063
1139.85170566377	594.299987792969
1142.42346547425	594.5
1144.99443177159	598.599975585938
1147.56460489925	597.400024414063
1150.1339852005	598.400024414063
1152.7025730184	596.799987792969
1155.27036869582	598.5
1157.83737257542	600.400024414063
1160.40358499968	599.599975585938
1162.96900631087	598
1165.53363685107	597.200012207031
1168.09747696216	596.900024414063
1170.66052698582	600.700012207031
1173.22278726354	601.799987792969
1175.78425813661	601.099975585938
1178.34493994611	600
1180.90483303296	599.799987792969
1183.46393773785	602
1186.02225440128	603.599975585938
1188.57978336357	599.200012207031
1191.13652496483	602.099975585938
1193.69247954497	603.5
1196.24764744372	601.700012207031
1198.80202900061	604.099975585938
1201.35562455497	604
1203.90843444593	603
1206.46045901244	607.5
1209.01169859325	607.200012207031
1211.5621535269	607.299987792969
1214.11182415175	606.400024414063
1216.66071080599	609.900024414063
1219.20881382756	609.400024414063
1221.75613355424	607.900024414063
1224.30267032363	606.5
1226.8484244731	606.200012207031
1229.39339633985	610.5
1231.93758626089	613.400024414063
1234.48099457302	615.299987792969
1237.02362161286	609.200012207031
1239.56546771682	613.700012207031
1242.10653322113	615.299987792969
1244.64681846184	616.400024414063
1247.18632377478	616.099975585938
1249.72504949561	615.400024414063
1252.26299595979	617.599975585938
1254.80016350257	620.200012207031
1257.33655245904	621.400024414063
1259.87216316408	618.900024414063
1262.40699595237	622.599975585938
1264.94105115842	621.799987792969
1267.47432911654	623.200012207031
1270.00683016083	627.700012207031
1272.53855462522	625.700012207031
1275.06950284345	623.200012207031
1277.59967514906	628
1280.12907187541	629.700012207031
1282.65769335564	628.200012207031
1285.18553992273	630.400024414063
1287.71261190947	631.700012207031
1290.23890964843	634.299987792969
1292.76443347203	634.400024414063
1295.28918371247	637.799987792969
1297.81316070177	636.900024414063
1300.33636477175	639.900024414063
1302.85879625406	644.700012207031
1305.38045548016	641.5
1307.90134278129	638.599975585938
1310.42145848853	640.299987792969
1312.94080293277	645.400024414063
1315.4593764447	647.400024414063
1317.97717935482	648.299987792969
1320.49421199345	649.700012207031
1323.01047469072	646.299987792969
1325.52596777657	648.700012207031
1328.04069158075	649.599975585938
1330.55464643282	650.799987792969
1333.06783266216	643.299987792969
1335.58025059795	651.200012207031
1338.0919005692	650.900024414063
1340.60278290471	654.400024414063
1343.11289793311	651.700012207031
1345.62224598283	650.799987792969
1348.13082738214	650.599975585938
1350.63864245908	652
1353.14569154154	646.599975585938
1355.65197495721	649.900024414063
1358.15749303358	647.700012207031
1360.66224609798	648.900024414063
1363.16623447752	648.900024414063
1365.66945849917	647.400024414063
1368.17191848967	646.099975585938
1370.67361477558	647.5
1373.17454768332	645
1375.67471753905	643.400024414063
1378.17412466881	639.5
1380.67276939842	640.099975585938
1383.17065205353	640.099975585938
1385.66777295958	637.299987792969
1388.16413244186	637.900024414063
1390.65973082545	639.200012207031
1393.15456843527	635.5
1395.64864559601	635.799987792969
1398.14196263222	633
1400.63451986824	631.200012207031
1403.12631762825	630.900024414063
1405.61735623622	633.5
1408.10763601595	629.700012207031
1410.59715729106	628.400024414063
1413.08592038496	625.799987792969
1415.57392562092	629.5
1418.06117332198	626.400024414063
1420.54766381104	628.400024414063
1423.03339741077	624.700012207031
1425.51837444371	627.400024414063
1428.00259523216	626.400024414063
1430.4860600983	626.400024414063
1432.96876936407	622.5
1435.45072335126	621.099975585938
1437.93192238146	621.200012207031
1440.4123667761	625.700012207031
1442.89205685641	621.299987792969
1445.37099294343	621.5
1447.84917535805	619.799987792969
1450.32660442094	623.299987792969
1452.80328045262	623.700012207031
1455.27920377341	623.299987792969
1457.75437470346	619.700012207031
1460.22879356272	618.5
1462.70246067098	623.299987792969
1465.17537634785	621.299987792969
1467.64754091272	619.900024414063
1470.11895468486	618.5
1472.58961798332	621.299987792969
1475.05953112695	621.299987792969
1477.52869443449	622
1479.99710822443	622.200012207031
1482.46477281511	621
1484.93168852469	622.400024414063
1487.39785567115	622.400024414063
1489.86327457228	622.700012207031
1492.32794554571	621.299987792969
1494.79186890886	620.799987792969
1497.255044979	624
1499.7174740732	626.700012207031
1502.17915650837	625.099975585938
1504.64009260123	622.900024414063
1507.10028266832	623.200012207031
1509.559727026	624.700012207031
1512.01842599046	626.400024414063
1514.47637987771	624
1516.93358900357	622.400024414063
1519.39005368369	624.200012207031
1521.84577423354	629.799987792969
1524.30075096842	628.799987792969
1526.75498420345	626.299987792969
1529.20847425356	627.700012207031
1531.6612214335	628.900024414063
1534.11322605788	634.099975585938
1536.56448844109	631.299987792969
1539.01500889735	633
1541.46478774072	629.799987792969
1543.91382528508	635.799987792969
1546.36212184413	635.5
1548.80967773137	641.200012207031
1551.25649326017	634.5
1553.70256874368	636.799987792969
1556.14790449489	646.099975585938
1558.59250082662	641.799987792969
1561.03635805151	644.099975585938
1563.47947648204	645.900024414063
1565.92185643046	647.799987792969
1568.36349820891	654.900024414063
1570.80440212932	657.299987792969
1573.24456850344	651
1575.68399764287	653.200012207031
1578.12268985901	651.900024414063
1580.56064546309	658
1582.99786476618	655.700012207031
1585.43434807916	654.099975585938
1587.87009571274	656.900024414063
1590.30510797746	653.700012207031
1592.73938518368	654.299987792969
1595.17292764157	653.799987792969
1597.60573566116	650.799987792969
1600.03780955229	643.599975585938
1602.46914962461	647.200012207031
1604.89975618762	641.5
1607.32962955063	640.099975585938
1609.75877002279	640.5
1612.18717791306	639.200012207031
1614.61485353024	635.299987792969
1617.04179718296	630.299987792969
1619.46800917966	625.5
1621.89348982862	626.5
1624.31823943794	620.599975585938
1626.74225831555	618.700012207031
1629.16554676922	615.700012207031
1631.58810510651	612.700012207031
1634.00993363487	615.200012207031
1636.43103266151	612.200012207031
1638.8514024935	607.099975585938
1641.27104343775	607.599975585938
1643.68995580098	605.799987792969
1646.10813988974	605.200012207031
1648.52559601042	602.900024414063
1650.94232446921	601.400024414063
1653.35832557217	600.099975585938
1655.77359962515	599.700012207031
1658.18814693385	598.599975585938
1660.60196780379	596.200012207031
1663.01506254034	595.799987792969
1665.42743144866	592
1667.83907483378	595.299987792969
1670.24999300053	595
1672.66018625359	591.599975585938
1675.06965489744	592.700012207031
1677.47839923644	590.700012207031
1679.88641957472	591.299987792969
1682.29371621629	590.799987792969
1684.70028946496	588.299987792969
1687.10613962438	588.599975585938
1689.51126699804	589.099975585938
1691.91567188923	589
1694.31935460112	588.900024414063
1696.72231543666	588.400024414063
1699.12455469866	586.200012207031
1701.52607268975	585.799987792969
1703.9268697124	586.400024414063
1706.32694606891	586.700012207031
1708.72630206139	586.200012207031
1711.12493799182	585.5
1713.52285416197	587.400024414063
1715.92005087348	586.299987792969
1718.31652842779	586.299987792969
1720.71228712619	584.799987792969
1723.1073272698	586.099975585938
1725.50164915956	584.799987792969
1727.89525309627	583.900024414063
1730.28813938052	583.799987792969
1732.68030831278	583
1735.07176019331	582.700012207031
1737.46249532223	583.700012207031
1739.85251399949	583.900024414063
1742.24181652486	582.299987792969
1744.63040319795	582.5
1747.01827431821	583.599975585938
1749.4054301849	582
1751.79187109716	583.5
1754.17759735391	582.200012207031
1756.56260925393	582.200012207031
1758.94690709583	582.599975585938
1761.33049117807	582.900024414063
1763.71336179891	583.299987792969
1766.09551925648	583.200012207031
1768.47696384872	582
1770.85769587341	582.900024414063
1773.23771562817	582.599975585938
1775.61702341044	583.099975585938
1777.99561951751	580.900024414063
1780.37350424651	582.400024414063
1782.75067789438	581
1785.12714075793	583
1787.50289313376	582
1789.87793531834	581.299987792969
1792.25226760798	580.900024414063
1794.62589029879	582
1796.99880368675	581.599975585938
1799.37100806765	581.5
1801.74250373715	579.700012207031
1804.1132909907	580.099975585938
1806.48337012362	581.299987792969
1808.85274143106	581.5
1811.221405208	582.299987792969
1813.58936174925	582.200012207031
1815.95661134948	581.099975585938
1818.32315430317	581.599975585938
1820.68899090465	582.5
1823.0541214481	580.299987792969
1825.4185462275	580.5
1827.78226553671	581.299987792969
1830.1452796694	580.700012207031
1832.50758891907	581.5
1834.86919357909	582.299987792969
1837.23009394264	580.299987792969
1839.59029030275	580.400024414063
1841.94978295228	580.5
1844.30857218393	580.700012207031
1846.66665829026	579.900024414063
1849.02404156362	580.200012207031
1851.38072229624	579.099975585938
1853.73670078017	578.700012207031
1856.09197730732	580.799987792969
1858.4465521694	580.299987792969
1860.80042565799	581.700012207031
1863.15359806449	579.5
1865.50606968016	580.700012207031
1867.85784079609	580.5
1870.20891170319	580.299987792969
1872.55928269223	581.700012207031
1874.90895405382	581
1877.2579260784	579.099975585938
1879.60619905625	580.5
1881.95377327751	580.599975585938
1884.30064903212	580.400024414063
1886.64682660989	579.099975585938
1888.99230630047	581.700012207031
1891.33708839333	580.5
1893.6811731778	581
1896.02456094305	581.299987792969
1898.36725197808	580.099975585938
1900.70924657172	580.599975585938
1903.05054501267	580.700012207031
1905.39114758944	580.299987792969
1907.73105459042	581.5
1910.0702663038	581.799987792969
1912.40878301763	579.700012207031
1914.7466050198	580
1917.08373259804	581.200012207031
1919.42016603993	580.799987792969
1921.75590563288	580.099975585938
1924.09095166413	579.299987792969
1926.4253044208	580.299987792969
1928.75896418982	583.099975585938
1931.09193125797	580.400024414063
1933.42420591187	578.900024414063
1935.75578843799	580.599975585938
1938.08667912263	581.099975585938
1940.41687825195	580.5
1942.74638611193	580.700012207031
1945.07520298842	580.099975585938
1947.40332916709	579.700012207031
1949.73076493345	578.900024414063
1952.05751057288	580.599975585938
1954.38356637057	581.900024414063
1956.70893261159	580
1959.03360958081	579.900024414063
1961.35759756299	582.400024414063
1963.68089684269	579.599975585938
1966.00350770434	579.799987792969
1968.3254304322	579
1970.64666531039	580.099975585938
1972.96721262287	581.099975585938
1975.28707265342	581.099975585938
1977.6062456857	581.400024414063
1979.92473200318	579.200012207031
1982.24253188921	579.400024414063
1984.55964562695	580.700012207031
1986.87607349943	580.299987792969
1989.19181578951	580.700012207031
1991.5068727799	580.200012207031
1993.82124475315	580.900024414063
1996.13493199167	580.799987792969
1998.4479347777	580.299987792969
2000.76025339332	579.799987792969
2003.07188812048	580.099975585938
2005.38283924095	580.599975585938
2007.69310703636	580.400024414063
2010.00269178818	579.200012207031
2012.31159377773	580.799987792969
2014.61981328617	580.299987792969
2016.92735059452	580.5
2019.23420598361	579.299987792969
2021.54037973416	581.099975585938
2023.84587212671	579.700012207031
2026.15068344166	579.299987792969
2028.45481395925	580.099975585938
2030.75826395956	581.5
2033.06103372252	580.200012207031
2035.36312352793	580.700012207031
2037.66453365539	581.299987792969
2039.96526438439	580.5
2042.26531599426	581.400024414063
2044.56468876415	579.599975585938
2046.86338297308	580
2049.16139889991	579.400024414063
2051.45873682337	580
2053.75539702199	581.299987792969
2056.0513797742	581.799987792969
2058.34668535824	579.099975585938
2060.64131405221	579.900024414063
2062.93526613407	580.299987792969
2065.22854188161	580
2067.52114157248	579.400024414063
2069.81306548417	579.599975585938
2072.10431389403	579.200012207031
2074.39488707923	581.400024414063
2076.68478531684	579.900024414063
2078.97400888373	580.900024414063
2081.26255805664	580.900024414063
2083.55043311216	581.299987792969
2085.83763432672	580.599975585938
2088.12416197662	581.099975585938
2090.41001633797	580.400024414063
2092.69519768677	580.299987792969
2094.97970629885	579.799987792969
2097.26354244989	580.200012207031
2099.54670641542	579.299987792969
2101.82919847083	581.5
2104.11101889135	580.700012207031
2106.39216795205	581.299987792969
2108.67264592787	581.299987792969
2110.95245309359	580.700012207031
2113.23158972385	580.799987792969
2115.51005609313	580.599975585938
2117.78785247575	579.200012207031
2120.06497914591	580
2122.34143637764	578.799987792969
2124.61722444482	579.099975585938
2126.89234362119	581
2129.16679418034	581.299987792969
2131.4405763957	577.900024414063
2133.71369054057	580.299987792969
2135.98613688808	581.599975585938
2138.25791571123	578.700012207031
2140.52902728287	578.400024414063
2142.79947187568	580.5
2145.06924976222	580.099975585938
2147.33836121488	580.700012207031
2149.60680650591	580.400024414063
2151.87458590743	579.099975585938
2154.14169969137	580.299987792969
2156.40814812956	580.099975585938
2158.67393149364	579.900024414063
2160.93905005513	580.900024414063
2163.2035040854	580.5
2165.46729385567	579.200012207031
2167.73041963699	579.599975585938
2169.99288170031	580.599975585938
2172.25468031638	580.400024414063
2174.51581575584	580.299987792969
2176.77628828918	580.799987792969
2179.03609818672	580
2181.29524571865	580.599975585938
2183.55373115503	580.200012207031
2185.81155476573	580
2188.06871682052	580.400024414063
2190.32521758899	580.5
2192.5810573406	580.900024414063
2194.83623634466	579.5
2197.09075487034	580
2199.34461318665	579.599975585938
2201.59781156247	580.700012207031
2203.85035026652	580.599975585938
2206.10222956739	581.900024414063
2208.35344973351	579.599975585938
2210.60401103316	580.799987792969
2212.85391373451	581.200012207031
2215.10315810554	581.200012207031
2217.35174441412	580.799987792969
2219.59967292795	579.599975585938
2221.84694391459	579.400024414063
2224.09355764148	581.200012207031
2226.33951437588	580.200012207031
2228.58481438492	581
2230.8294579356	581.900024414063
2233.07344529475	580.5
2235.31677672907	580.599975585938
2237.55945250512	581
2239.8014728893	579.700012207031
2242.04283814789	582.400024414063
2244.283548547	581.299987792969
2246.52360435261	580.299987792969
2248.76300583055	581.299987792969
2251.00175324652	581.900024414063
2253.23984686606	580.099975585938
2255.47728695458	579.900024414063
2257.71407377733	579.900024414063
2259.95020759944	582.900024414063
2262.18568868587	581.299987792969
2264.42051730147	580.5
2266.65469371091	581
2268.88821817874	580.799987792969
2271.12109096937	581.700012207031
2273.35331234705	580.200012207031
2275.5848825759	580.200012207031
2277.81580191989	581.900024414063
2280.04607064287	581.5
2282.27568900851	580.400024414063
2284.50465728037	581.5
2286.73297572185	581.700012207031
2288.96064459621	581.799987792969
2291.18766416659	580.5
2293.41403469595	581.200012207031
2295.63975644714	582.599975585938
2297.86482968285	582.099975585938
2300.08925466564	581.099975585938
2302.31303165792	581.5
2304.53616092197	583.700012207031
2306.75864271992	582.099975585938
2308.98047731375	581.299987792969
2311.20166496532	581
2313.42220593634	581.700012207031
2315.64210048837	581.5
2317.86134888284	582.400024414063
2320.07995138104	580.700012207031
2322.2979082441	581
2324.51521973305	582.400024414063
2326.73188610874	583.5
2328.94790763189	582.099975585938
2331.1632845631	581.700012207031
2333.3780171628	583.400024414063
2335.5921056913	581.5
2337.80555040877	581.200012207031
2340.01835157523	582.599975585938
2342.23050945056	581.099975585938
2344.44202429451	580.400024414063
2346.65289636669	582.200012207031
2348.86312592656	582.400024414063
2351.07271323345	581.599975585938
2353.28165854655	583.099975585938
2355.4899621249	581.799987792969
2357.69762422743	582.700012207031
2359.90464511288	582.400024414063
2362.11102503991	583.200012207031
2364.316764267	582.200012207031
2366.52186305251	581.5
2368.72632165466	583.700012207031
2370.93014033151	582.099975585938
2373.13331934102	581.400024414063
2375.33585894097	583.200012207031
2377.53775938904	582.599975585938
2379.73902094275	582.200012207031
2381.93964385948	582.799987792969
2384.13962839649	582.700012207031
2386.33897481088	582
2388.53768335963	583.599975585938
2390.73575429957	582.700012207031
2392.9331878874	582.700012207031
2395.12998437969	582.799987792969
2397.32614403285	582.400024414063
2399.52166710317	582.700012207031
2401.7165538468	583.799987792969
2403.91080451975	583.799987792969
2406.10441937789	583.099975585938
2408.29739867697	583.299987792969
2410.48974267258	583.299987792969
2412.68145162019	582.599975585938
2414.87252577512	583
2417.06296539257	583.599975585938
2419.25277072759	582.200012207031
2421.4419420351	582.5
2423.63047956988	581.400024414063
2425.81838358658	583.400024414063
2428.0056543397	582.099975585938
2430.19229208362	584.700012207031
2432.37829707258	582.299987792969
2434.56366956068	583.599975585938
2436.74840980189	584.200012207031
2438.93251805003	583.200012207031
2441.1159945588	584
2443.29883958176	583.599975585938
2445.48105337233	582.299987792969
2447.66263618382	584.799987792969
2449.84358826935	584.400024414063
2452.02390988197	585
2454.20360127454	585.299987792969
2456.38266269983	583.599975585938
2458.56109441043	584.200012207031
2460.73889665884	582.700012207031
2462.9160696974	583.299987792969
2465.09261377831	582.799987792969
2467.26852915366	581.799987792969
2469.44381607538	585
2471.61847479527	585
2473.79250556503	584.900024414063
2475.96590863618	585.599975585938
2478.13868426012	583.900024414063
2480.31083268813	583.599975585938
2482.48235417135	583.799987792969
2484.65324896077	583.299987792969
2486.82351730728	582.5
2488.9931594616	583.900024414063
2491.16217567433	584.299987792969
2493.33056619595	585.299987792969
2495.4983312768	583.900024414063
2497.66547116707	584.599975585938
2499.83198611683	584.299987792969
2501.99787637602	584.700012207031
2504.16314219445	584.599975585938
2506.32778382178	586.5
2508.49180150756	584.700012207031
2510.65519550119	584.400024414063
2512.81796605194	585
2514.98011340895	586.299987792969
2517.14163782123	583.900024414063
2519.30253953765	586.299987792969
2521.46281880697	585.5
2523.62247587779	583.700012207031
2525.78151099858	585.900024414063
2527.9399244177	584.700012207031
2530.09771638337	585.299987792969
2532.25488714366	585.700012207031
2534.41143694653	585.200012207031
2536.56736603979	586.599975585938
2538.72267467114	584.799987792969
2540.87736308814	584.299987792969
2543.03143153821	585.900024414063
2545.18488026864	585.900024414063
2547.3377095266	586.299987792969
2549.48991955912	585.299987792969
2551.6415106131	584.400024414063
2553.79248293531	584.900024414063
2555.9428367724	586.799987792969
2558.09257237087	584.900024414063
2560.2416899771	584.700012207031
2562.39018983733	587
2564.53807219769	585.799987792969
2566.68533730416	585.799987792969
2568.8319854026	586.599975585938
2570.97801673873	586.200012207031
2573.12343155815	586.200012207031
2575.26823010633	587.200012207031
2577.4124126286	587
2579.55597937017	587.900024414063
2581.69893057612	585.5
2583.84126649139	586
2585.9829873608	586.900024414063
2588.12409342903	587.299987792969
2590.26458494065	586
2592.40446214009	586.200012207031
2594.54372527164	585
2596.68237457948	586.400024414063
2598.82041030764	588.200012207031
2600.95783270004	586.400024414063
2603.09464200046	586.5
2605.23083845255	586
2607.36642229985	586.700012207031
2609.50139378575	587.599975585938
2611.63575315352	585.700012207031
2613.76950064629	586.700012207031
2615.90263650709	587.700012207031
2618.03516097878	588.400024414063
2620.16707430413	589.700012207031
2622.29837672577	588.5
2624.42906848619	587.299987792969
2626.55914982777	588.200012207031
2628.68862099274	586.799987792969
2630.81748222322	587.200012207031
2632.94573376121	587
2635.07337584855	587.099975585938
2637.20040872699	585.900024414063
2639.32683263812	588.099975585938
2641.45264782342	590
2643.57785452424	588.200012207031
2645.70245298181	586.900024414063
2647.82644343723	588.599975585938
2649.94982613145	587.599975585938
2652.07260130532	588.400024414063
2654.19476919956	587.700012207031
2656.31633005475	587.099975585938
2658.43728411136	586.700012207031
2660.55763160971	588.099975585938
2662.67737279003	586.900024414063
2664.79650789238	588.299987792969
2666.91503715672	587
2669.03296082288	588.400024414063
2671.15027913057	589
2673.26699231936	587.200012207031
2675.3831006287	587.700012207031
2677.49860429791	587.099975585938
2679.6135035662	585.5
2681.72779867263	589
2683.84148985615	586.900024414063
2685.95457735559	587.5
2688.06706140964	588.299987792969
2690.17894225686	587.099975585938
2692.29022013571	589.900024414063
2694.4008952845	588
2696.51096794143	587.700012207031
2698.62043834457	587.200012207031
2700.72930673185	587.700012207031
2702.83757334111	588.299987792969
2704.94523841003	588.200012207031
2707.05230217618	587.200012207031
2709.15876487701	587.900024414063
2711.26462674983	588.599975585938
2713.36988803185	586.599975585938
2715.47454896013	589
2717.57860977162	587.900024414063
2719.68207070314	586.799987792969
2721.78493199138	587.299987792969
2723.88719387294	587
2725.98885658424	588.599975585938
2728.08992036162	589
2730.19038544128	589.700012207031
2732.2902520593	590.5
2734.38952045163	588
2736.4881908541	586.400024414063
2738.58626350241	587.099975585938
2740.68373863216	587.400024414063
2742.7806164788	587.799987792969
2744.87689727767	586.400024414063
2746.97258126398	586.200012207031
2749.06766867281	586.900024414063
2751.16215973915	587.700012207031
2753.25605469783	587.900024414063
2755.34935378356	588.299987792969
2757.44205723096	587
2759.5341652745	586.299987792969
2761.62567814852	588.099975585938
2763.71659608726	587.700012207031
2765.80691932483	587.200012207031
2767.8966480952	587.599975585938
2769.98578263225	586.599975585938
2772.07432316971	587.299987792969
2774.1622699412	587.200012207031
2776.24962318022	587.599975585938
2778.33638312013	586.5
2780.4225499942	586.400024414063
2782.50812403556	588.799987792969
2784.5931054772	587.599975585938
2786.67749455202	587.900024414063
2788.76129149278	587.200012207031
2790.84449653213	587.799987792969
2792.92710990258	587.900024414063
2795.00913183653	586.200012207031
2797.09056256628	585.700012207031
2799.17140232396	587
2801.25165134162	587.5
2803.33130985118	585.599975585938
2805.41037808443	587.400024414063
2807.48885627303	588.099975585938
2809.56674464855	586.5
2811.64404344241	586.299987792969
2813.72075288594	586.200012207031
2815.79687321031	585.900024414063
2817.87240464659	586.099975585938
2819.94734742574	586.400024414063
2822.02170177858	586.200012207031
2824.09546793583	587.400024414063
2826.16864612807	587.799987792969
2828.24123658577	588.299987792969
2830.31323953928	588.200012207031
2832.38465521882	587.5
2834.4554838545	584.400024414063
2836.52572567632	586.900024414063
2838.59538091413	587.400024414063
2840.6644497977	585.5
2842.73293255665	586.299987792969
2844.80082942048	587.200012207031
2846.86814061859	586.900024414063
2848.93486638025	586.099975585938
2851.00100693461	585.599975585938
2853.0665625107	587.200012207031
2855.13153333745	587
2857.19591964362	587.099975585938
2859.25972165792	586.200012207031
2861.32293960889	587.700012207031
2863.38557372497	586.299987792969
2865.44762423447	587.299987792969
2867.5090913656	586.900024414063
2869.56997534644	588.5
2871.63027640495	586.400024414063
2873.68999476898	589.299987792969
2875.74913066625	586
2877.80768432437	587.400024414063
2879.86565597083	589.799987792969
2881.923045833	587
2883.97985413814	587.5
2886.03608111337	588
2888.09172698572	586.200012207031
2890.14679198208	587
2892.20127632925	586.299987792969
2894.25518025387	588.099975585938
2896.30850398251	586.700012207031
2898.36124774158	585.900024414063
2900.4134117574	587.299987792969
2902.46499625617	587.400024414063
2904.51600146395	583.799987792969
2906.56642760672	584.099975585938
2908.61627491031	587.200012207031
2910.66554360044	586.099975585938
2912.71423390273	585.099975585938
2914.76234604267	587.299987792969
2916.80988024564	587.299987792969
2918.85683673688	585.900024414063
2920.90321574155	587.200012207031
2922.94901748466	586.200012207031
2924.99424219113	586.400024414063
2927.03889008574	586.5
2929.08296139317	586.5
2931.12645633799	587.700012207031
2933.16937514463	584.799987792969
2935.21171803742	586.5
2937.25348524057	585.200012207031
2939.29467697818	586.200012207031
2941.33529347421	586
2943.37533495255	588.200012207031
2945.41480163693	586.900024414063
2947.45369375098	585.299987792969
2949.49201151823	587.599975585938
2951.52975516206	586.700012207031
2953.56692490576	585.700012207031
2955.60352097252	586.200012207031
2957.63954358537	584.599975585938
2959.67499296725	586.200012207031
2961.709869341	584.700012207031
2963.74417292931	587.299987792969
2965.77790395478	585.900024414063
2967.8110626399	584.900024414063
2969.84364920701	585.299987792969
2971.87566387838	585.5
2973.90710687613	584.799987792969
2975.93797842229	584
2977.96827873875	584.900024414063
2979.99800804732	584.099975585938
2982.02716656966	583.099975585938
2984.05575452733	586.400024414063
2986.08377214179	585.200012207031
2988.11121963436	586.099975585938
2990.13809722627	585.5
2992.16440513862	585.700012207031
2994.19014359239	583.599975585938
2996.21531280848	584.900024414063
2998.23991300763	583.700012207031
3000.2639444105	583.900024414063
3002.28740723762	582.700012207031
3004.31030170942	583.900024414063
3006.3326280462	583.599975585938
3008.35438646816	585.299987792969
3010.37557719538	585.200012207031
3012.39620044782	583.900024414063
3014.41625644535	585.099975585938
3016.4357454077	581.799987792969
3018.4546675545	584
3020.47302310527	583.400024414063
3022.49081227941	583.099975585938
3024.5080352962	583.599975585938
3026.52469237483	584.200012207031
3028.54078373436	583.900024414063
3030.55630959375	583.200012207031
3032.57127017182	583.200012207031
3034.5856656873	582.700012207031
3036.59949635882	582.700012207031
3038.61276240486	583.799987792969
3040.62546404383	583.799987792969
3042.63760149399	583
3044.6491749735	584.700012207031
3046.66018470044	583
3048.67063089272	582
3050.68051376818	582
3052.68983354455	582.799987792969
3054.69859043942	583
3056.70678467028	582.799987792969
3058.71441645452	584.599975585938
3060.7214860094	581.200012207031
3062.72799355209	581.900024414063
3064.73393929964	581.5
3066.73932346896	581.900024414063
3068.74414627691	582.599975585938
3070.74840794017	583.400024414063
3072.75210867536	580.700012207031
3074.75524869897	581.900024414063
3076.75782822737	583.5
3078.75984747684	582.799987792969
3080.76130666353	582.700012207031
3082.76220600349	581.099975585938
3084.76254571266	582.400024414063
3086.76232600685	582.099975585938
3088.7615471018	581.299987792969
3090.76020921309	581.799987792969
3092.75831255623	582.900024414063
3094.75585734659	581.799987792969
3096.75284379946	582.299987792969
3098.74927213	582.700012207031
3100.74514255324	581.799987792969
3102.74045528416	583
3104.73521053756	581.599975585938
3106.72940852818	582
3108.72304947063	581.599975585938
3110.71613357941	581
3112.70866106891	582.099975585938
3114.70063215343	582.5
3116.69204704713	584.900024414063
3118.68290596407	582.400024414063
3120.67320911823	581.599975585938
3122.66295672342	581.700012207031
3124.65214899341	581.900024414063
3126.64078614181	580.900024414063
3128.62886838213	582.599975585938
3130.6163959278	582.700012207031
3132.60336899211	581.900024414063
3134.58978778824	583.599975585938
3136.57565252929	582.5
3138.56096342822	581.299987792969
3140.5457206979	581.799987792969
3142.52992455109	583.099975585938
3144.51357520043	581.299987792969
3146.49667285846	581.700012207031
3148.47921773761	581.599975585938
3150.46121005021	582.299987792969
3152.44265000846	581.900024414063
3154.42353782447	580.799987792969
3156.40387371024	580.700012207031
3158.38365787765	580.200012207031
3160.36289053849	582.5
3162.34157190443	582.099975585938
3164.31970218703	582.400024414063
3166.29728159776	581.799987792969
3168.27431034795	581.5
3170.25078864886	581.599975585938
3172.22671671161	582
3174.20209474723	581.099975585938
3176.17692296664	582.299987792969
3178.15120158065	580.799987792969
3180.12493079997	579.599975585938
3182.09811083518	581.299987792969
3184.07074189678	581.299987792969
3186.04282419516	582.299987792969
3188.01435794059	580.099975585938
3189.98534334322	581.599975585938
3191.95578061313	580
3193.92566996027	581
3195.89501159449	581.200012207031
3197.86380572552	580.400024414063
3199.83205256301	579.700012207031
3201.79975231647	581.599975585938
3203.76690519533	581.700012207031
3205.7335114089	581.400024414063
3207.6995711664	582.900024414063
3209.66508467691	580.200012207031
3211.63005214944	580.200012207031
3213.59447379287	580.200012207031
3215.55834981599	580.900024414063
3217.52168042747	580.900024414063
3219.48446583589	579.700012207031
3221.4467062497	582.900024414063
3223.40840187728	580.599975585938
3225.36955292686	582.599975585938
3227.3301596066	581
3229.29022212453	581.200012207031
3231.2497406886	579.400024414063
3233.20871550664	581.599975585938
3235.16714678637	580.700012207031
3237.1250347354	580.799987792969
3239.08237956126	579.700012207031
3241.03918147135	580.200012207031
3242.99544067297	581.099975585938
3244.95115737333	580.599975585938
3246.90633177951	580.400024414063
3248.86096409851	580.400024414063
3250.81505453721	580.400024414063
3252.76860330238	579.900024414063
3254.72161060071	579.400024414063
3256.67407663875	580.5
3258.62600162298	579.900024414063
3260.57738575975	580.200012207031
3262.52822925532	581.200012207031
3264.47853231583	582.400024414063
3266.42829514735	580.900024414063
3268.3775179558	579.799987792969
3270.32620094702	579.900024414063
3272.27434432676	580.099975585938
3274.22194830063	580.400024414063
3276.16901307416	581.200012207031
3278.11553885278	580.200012207031
3280.0615258418	580.299987792969
3282.00697424643	579.799987792969
3283.95188427179	579.900024414063
3285.89625612288	579.799987792969
3287.84009000459	580.200012207031
3289.78338612174	579.599975585938
3291.72614467902	579.099975585938
3293.66836588101	580.5
3295.61004993221	580.900024414063
3297.55119703699	579.900024414063
3299.49180739965	580.200012207031
3301.43188122435	579.299987792969
3303.37141871518	578.900024414063
3305.31042007611	580.5
3307.248885511	580
3309.18681522362	579.900024414063
3311.12420941763	581.5
3313.0610682966	580.299987792969
3314.99739206398	579.900024414063
3316.93318092313	578.400024414063
3318.86843507729	577.900024414063
3320.80315472962	579.400024414063
3322.73734008317	578.799987792969
3324.67099134087	579.200012207031
3326.60410870558	579.900024414063
3328.53669238003	578.700012207031
3330.46874256686	580.900024414063
3332.4002594686	579.299987792969
3334.33124328769	580.200012207031
3336.26169422646	579.400024414063
3338.19161248714	579.200012207031
3340.12099827185	579.200012207031
3342.04985178263	579.900024414063
3343.97817322139	579
3345.90596278996	578.400024414063
3347.83322069005	579.099975585938
3349.75994712329	580.099975585938
3351.6861422912	581
3353.61180639518	578.5
3355.53693963656	579.599975585938
3357.46154221654	578.700012207031
3359.38561433624	580.099975585938
3361.30915619668	579.900024414063
3363.23216799874	578
3365.15464994326	579.400024414063
3367.07660223092	577.400024414063
3368.99802506235	580.299987792969
3370.91891863804	579.599975585938
3372.8392831584	580
3374.75911882373	579
3376.67842583425	579.400024414063
3378.59720439004	578.700012207031
3380.5154546911	581.599975585938
3382.43317693735	577.900024414063
3384.35037132858	579.900024414063
3386.2670380645	578.700012207031
3388.1831773447	578.799987792969
3390.09878936868	578.900024414063
3392.01387433584	579.099975585938
3393.92843244549	578.5
3395.84246389681	580.900024414063
3397.75596888892	578.799987792969
3399.66894762081	580.799987792969
3401.58140029137	579.5
3403.49332709942	578.400024414063
3405.40472824365	577.700012207031
3407.31560392265	578.900024414063
3409.22595433494	579.200012207031
3411.13577967891	579.099975585938
3413.04508015286	578.900024414063
3414.953855955	578.099975585938
3416.86210728342	579.700012207031
3418.76983433614	579.599975585938
3420.67703731105	578.299987792969
3422.58371640596	578.599975585938
3424.48987181858	579
3426.39550374651	579.599975585938
3428.30061238726	578.700012207031
3430.20519793825	578.599975585938
3432.10926059677	578.299987792969
3434.01280056005	578.5
3435.91581802519	579.5
3437.8183131892	579.700012207031
3439.72028624901	578.200012207031
3441.62173740142	576.900024414063
3443.52266684316	580
3445.42307477085	578.799987792969
3447.322961381	578.799987792969
3449.22232687005	578.299987792969
3451.12117143431	578.400024414063
3453.01949527001	578.299987792969
3454.91729857327	579.400024414063
3456.81458154014	580.200012207031
3458.71134436653	579.900024414063
3460.6075872483	577.900024414063
3462.50331038116	578.599975585938
3464.39851396076	579.599975585938
3466.29319818265	578.900024414063
3468.18736324225	578.799987792969
3470.08100933492	578.200012207031
3471.97413665591	579.200012207031
3473.86674540037	578.599975585938
3475.75883576334	580.200012207031
3477.65040793979	578.900024414063
3479.54146212457	577.5
3481.43199851244	579.900024414063
3483.32201729806	579.099975585938
3485.21151867601	578.799987792969
3487.10050284075	578.5
3488.98896998665	578.599975585938
3490.87692030799	577.099975585938
3492.76435399895	578.200012207031
3494.6512712536	578
3496.53767226594	577.900024414063
3498.42355722985	577.5
3500.30892633911	579.299987792969
3502.19377978744	580
3504.07811776841	578.400024414063
3505.96194047554	579.400024414063
3507.84524810223	578.400024414063
3509.72804084179	578.200012207031
3511.61031888743	578.599975585938
3513.49208243227	577.799987792969
3515.37333166932	577.799987792969
3517.25406679152	577.5
3519.13428799168	578
3521.01399546254	579.200012207031
3522.89318939674	579.099975585938
3524.77186998681	578.700012207031
3526.6500374252	578.700012207031
3528.52769190426	578.099975585938
3530.40483361624	579.5
3532.28146275329	577.5
3534.15757950748	578.799987792969
3536.03318407078	577.900024414063
3537.90827663505	577.900024414063
3539.78285739207	578
3541.65692653351	579.900024414063
3543.53048425097	578.200012207031
3545.40353073593	578.400024414063
3547.27606617978	578.200012207031
3549.14809077383	577.200012207031
3551.01960470927	578
3552.89060817722	577.099975585938
3554.76110136869	576.799987792969
3556.63108447459	578.400024414063
3558.50055768576	577.700012207031
3560.36952119291	578
3562.2379751867	577.900024414063
3564.10591985764	578.099975585938
3565.9733553962	578.5
3567.84028199272	578.799987792969
3569.70669983745	577.900024414063
3571.57260912056	576.900024414063
3573.43801003212	578.700012207031
3575.3029027621	576.900024414063
3577.16728750037	577.900024414063
3579.03116443673	577.599975585938
3580.89453376086	576.700012207031
3582.75739566236	577.900024414063
3584.61975033074	578.799987792969
3586.48159795539	577.799987792969
3588.34293872564	577.799987792969
3590.20377283071	578
3592.06410045972	576.799987792969
3593.92392180171	577.900024414063
3595.78323704561	578
3597.64204638028	577.299987792969
3599.50034999447	578.700012207031
3601.35814807682	577.900024414063
3603.21544081592	578.099975585938
3605.07222840023	579
3606.92851101814	577.599975585938
3608.78428885792	579.099975585938
3610.63956210778	578.599975585938
3612.4943309558	578.099975585938
3614.34859559	578.299987792969
3616.20235619829	578.200012207031
3618.05561296849	577.099975585938
3619.90836608833	577.900024414063
3621.76061574545	577.099975585938
3623.61236212737	577.5
3625.46360542156	578.400024414063
3627.31434581538	578.200012207031
3629.16458349607	578.400024414063
3631.01431865083	578.099975585938
3632.86355146672	576.599975585938
3634.71228213073	578
3636.56051082976	578.299987792969
3638.4082377506	577.5
3640.25546307997	577.200012207031
3642.10218700449	578.400024414063
3643.94840971067	576.599975585938
3645.79413138496	579.299987792969
3647.6393522137	577
3649.48407238312	582
3651.3282920794	577.400024414063
