-94.6818902352418	570.400024414063
-91.7178116798149	569.599975585938
-88.7547023602959	570.599975585938
-85.7925618283327	570.299987792969
-82.8313896358261	570.299987792969
-79.8711853349613	570.299987792969
-76.9119484782043	570
-73.9536786182892	570
-70.9963753082344	569.5
-68.0400381013257	569.799987792969
-65.0846665511289	569.400024414063
-62.1302602114812	570.099975585938
-59.1768186365029	570.200012207031
-56.2243413805692	569.799987792969
-53.2728279983503	570.099975585938
-50.322278044787	570.599975585938
-47.3726910750863	571
-44.4240666447295	570.099975585938
-41.4764043094838	570.599975585938
-38.5297036253659	570.599975585938
-35.5839641486906	570.299987792969
-32.6391854360335	570.200012207031
-29.6953670442396	570.099975585938
-26.7525085304387	569.700012207031
-23.8106094520172	569.900024414063
-20.8696693666422	569.799987792969
-17.9296878322571	570
-14.990664407069	572.700012207031
-12.0525986495573	584.400024414063
-9.1154901184769	618.099975585938
-6.17933837285004	671
-3.24414297197032	711.700012207031
-0.309903475398349	760.5
2.6233805570224	797.099975585938
5.5557095651939	753.599975585938
8.48708398873965	679.200012207031
11.417504267013	689.5
14.3469708391051	666
17.2754841438297	606.900024414063
20.2030446197305	579.900024414063
23.1296527050902	572.099975585938
26.055308837918	571.900024414063
28.9800134559584	570.400024414063
31.9037669966788	570.200012207031
34.8265698972865	570.200012207031
37.7484225947199	570.799987792969
40.6693255256457	569.599975585938
43.5892791264743	569.599975585938
46.5082838333286	569.200012207031
49.4263400820919	569.799987792969
52.343448308348	570.599975585938
55.2596089474457	569.299987792969
58.1748224344429	569.700012207031
61.0890892041507	569.299987792969
64.0024096910936	570.099975585938
66.9147843295499	570.299987792969
69.8262135535237	570.200012207031
72.7366977967493	570.700012207031
75.646237492707	569
78.5548330745998	570.200012207031
81.4624849753774	570.200012207031
84.3691936277124	570.299987792969
87.2749594640282	570.400024414063
90.1797829164639	569.700012207031
93.0836644169178	570.200012207031
95.986604397004	571.400024414063
98.8886032880924	570.099975585938
101.789661521269	570.599975585938
104.689779527372	570.299987792969
107.588957736969	569.5
110.487196580371	569.799987792969
113.384496487618	570.099975585938
116.280857888492	570
119.17628121252	571.099975585938
122.07076688895	571.099975585938
124.964315346787	572.099975585938
127.856927014764	572.400024414063
130.748602321351	573.900024414063
133.63934169476	575.5
136.52914556295	575.599975585938
139.418014353601	575.700012207031
142.305948494147	577
145.192948411762	576.5
148.079014533349	575.799987792969
150.964147285558	576.700012207031
153.848347094784	576.900024414063
156.731614387146	576.599975585938
159.613949588528	577.5
162.495353124535	577.5
165.375825420517	579.299987792969
168.255366901569	576.799987792969
171.133977992528	577.599975585938
174.011659117973	577.400024414063
176.888410702216	575.900024414063
179.76423316932	577.799987792969
182.639126943089	577
185.513092447068	577.299987792969
188.38613010454	578.599975585938
191.258240338542	577.5
194.129423571842	575.900024414063
196.999680226957	577.700012207031
199.86901072615	578.799987792969
202.737415491424	576.799987792969
205.604894944522	576.799987792969
208.471449506939	577
211.337079599913	579
214.201785644413	578.200012207031
217.065568061175	577.200012207031
219.928427270659	578.200012207031
222.790363693085	578.5
225.651377748406	580
228.511469856331	577.900024414063
231.370640436308	578.299987792969
234.228889907531	578.799987792969
237.086218688946	579.099975585938
239.942627199236	579.5
242.798115856831	579.5
245.652685079919	577.200012207031
248.50633528642	579.400024414063
251.359066894015	579.200012207031
254.210880320118	579.200012207031
257.0617759819	578.5
259.911754296275	579.099975585938
262.760815679908	578.900024414063
265.608960549209	579.599975585938
268.456189320332	579
271.30250240919	578.400024414063
274.147900231434	580.099975585938
276.992383202475	579.799987792969
279.835951737452	579.5
282.678606251282	579.299987792969
285.520347158607	578.900024414063
288.361174873827	578.799987792969
291.201089811094	580.400024414063
294.040092384307	578.299987792969
296.878183007115	579.299987792969
299.715362092912	579.200012207031
302.551630054858	579.299987792969
305.386987305845	580.599975585938
308.221434258528	579.700012207031
311.054971325307	579.599975585938
313.887598918332	579
316.71931744951	580.900024414063
319.550127330492	579.400024414063
322.380028972692	578.900024414063
325.209022787264	579.5
328.037109185117	578.700012207031
330.864288576915	580.900024414063
333.690561373075	578.599975585938
336.515927983763	580.900024414063
339.340388818899	580.700012207031
342.163944288156	581.099975585938
344.986594800962	581
347.808340766495	581.299987792969
350.629182593689	580.599975585938
353.44912069123	581.700012207031
356.268155467559	580.900024414063
359.086287330868	581.099975585938
361.903516689109	579.700012207031
364.719843949987	580.5
367.535269520956	581.200012207031
370.349793809229	582.5
373.163417221774	580.799987792969
375.976140165312	580.200012207031
378.787963046327	580.599975585938
381.598886271043	582.700012207031
384.408910245454	581.5
387.218035375308	582.700012207031
390.026262066104	579.200012207031
392.833590723098	581.200012207031
395.6400217513	582.700012207031
398.445555555486	580.5
401.250192540183	579.5
404.053933109673	581.099975585938
406.856777667997	581.299987792969
409.658726618955	582.299987792969
412.459780366101	581.200012207031
415.259939312753	581.700012207031
418.059203861978	580.400024414063
420.857574416606	581.799987792969
423.655051379224	581.400024414063
426.451635152192	581.400024414063
429.247326137592	580.400024414063
432.042124737305	580.799987792969
434.83603135295	580.599975585938
437.629046385904	581.200012207031
440.421170237315	581.400024414063
443.212403308082	581.700012207031
446.002745998859	581.900024414063
448.792198710075	580.5
451.580761841906	581.299987792969
454.368435794293	580.099975585938
457.155220966939	581.400024414063
459.941117759304	581.5
462.726126570612	580.099975585938
465.510247799839	581.799987792969
468.293481845742	580.099975585938
471.075829106821	580.299987792969
473.857289981343	582.900024414063
476.637864867336	585.5
479.41755416259	587.599975585938
482.196358264664	581.599975585938
484.974277570869	579.400024414063
487.751312478281	578.700012207031
490.527463383743	579.200012207031
493.302730683853	577.599975585938
496.077114774984	578.799987792969
498.850616053258	577.900024414063
501.623234914575	578.5
504.394971754582	578.799987792969
507.165826968705	577.700012207031
509.935800952119	578.700012207031
512.704894099782	578.700012207031
515.473106806397	579.200012207031
518.240439466439	576.900024414063
521.006892474154	579.099975585938
523.772466223546	578.700012207031
526.537161108374	577.099975585938
529.300977522185	578.299987792969
532.063915858276	578.700012207031
534.82597650971	578.400024414063
537.587159869318	577.400024414063
540.347466329698	579.900024414063
543.106896283206	579.400024414063
545.865450121978	578.200012207031
548.62312823791	578.700012207031
551.379931022654	577.200012207031
554.135858867649	578.200012207031
556.890912164082	578
559.645091302916	579.700012207031
562.39839667488	578.599975585938
565.150828670471	578.5
567.902387679954	578.700012207031
570.653074093352	578.299987792969
573.402888300475	579.400024414063
576.151830690881	577.599975585938
578.899901653911	577.799987792969
581.64710157867	578.599975585938
584.39343085402	578.799987792969
587.138889868615	578.799987792969
589.883479010855	579.900024414063
592.627198668921	578.5
595.370049230762	578.900024414063
598.112031084094	578
600.853144616402	577.900024414063
603.593390214948	579.200012207031
606.332768266756	579.099975585938
609.07127915862	578.599975585938
611.808923277105	579
614.545701008557	578
617.281612739077	578.700012207031
620.016658854538	579.700012207031
622.750839740605	579.099975585938
625.484155782683	578.299987792969
628.216607365976	579.200012207031
630.948194875433	579.099975585938
633.678918695803	578.400024414063
636.408779211583	578.599975585938
639.137776807058	579.299987792969
641.865911866272	579.099975585938
644.593184773055	579.799987792969
647.319595910995	577.200012207031
650.045145663466	579.200012207031
652.769834413604	578.599975585938
655.493662544324	578.799987792969
658.216630438315	580.400024414063
660.938738478037	579.400024414063
663.659987045719	576.5
666.380376523373	579.099975585938
669.099907292776	577.400024414063
671.818579735489	578.299987792969
674.536394232832	578
677.253351165917	578.400024414063
679.969450915618	579.799987792969
682.684693862585	579.900024414063
685.399080387251	578.200012207031
688.112610869813	578
690.825285690249	578
693.537105228314	578.200012207031
696.248069863538	579
698.958179975218	579.5
701.667435942439	578.299987792969
704.375838144054	578.799987792969
707.083386958696	580.299987792969
709.790082764773	579.700012207031
712.495925940468	579
715.200916863742	579.599975585938
717.905055912334	577.700012207031
720.608343463755	578.400024414063
723.310779895306	578.700012207031
726.012365584044	578.900024414063
728.713100906829	577.400024414063
731.412986240272	578
734.112021960784	580.200012207031
736.810208444542	579.599975585938
739.507546067506	578.700012207031
742.204035205409	578.400024414063
744.899676233766	579.5
747.594469527873	580.299987792969
750.288415462801	577.299987792969
752.981514413399	578.799987792969
755.673766754301	579.099975585938
758.365172859913	579.700012207031
761.055733104428	578.799987792969
763.74544786181	578.700012207031
766.434317505808	578.400024414063
769.122342409953	580.400024414063
771.80952294755	579.700012207031
774.49585949169	578.900024414063
777.181352415237	578.799987792969
779.866002090844	579.700012207031
782.54980889094	580
785.232773187742	579.400024414063
787.914895353228	579.099975585938
790.596175759182	578.900024414063
793.276614777158	580.099975585938
795.956212778492	582.200012207031
798.634970134295	580.099975585938
801.312887215471	579.599975585938
803.989964392704	581
806.666202036451	579.299987792969
809.341600516966	580.900024414063
812.016160204274	578.400024414063
814.689881468185	579
817.362764678295	581
820.034810203979	581
822.706018414398	582
825.376389678493	579.700012207031
828.045924364992	578.799987792969
830.71462284241	580.299987792969
833.382485479036	580.799987792969
836.049512642946	579.799987792969
838.715704702013	579.700012207031
841.381062023871	580
844.045584975959	580.799987792969
846.709273925484	582.200012207031
849.372129239456	580
852.034151284649	579.700012207031
854.695340427643	579.900024414063
857.355697034787	581
860.015221472225	578.900024414063
862.673914105879	578.599975585938
865.331775301463	579.299987792969
867.988805424477	580.599975585938
870.645004840199	579.599975585938
873.300373913701	579.5
875.954913009845	579.700012207031
878.60862249326	580.299987792969
881.261502728385	579
883.913554079431	581.299987792969
886.564776910405	579.5
889.215171585089	578.700012207031
891.864738467072	580.799987792969
894.513477919707	578.700012207031
897.16139030615	580
899.80847598934	580.299987792969
902.454735332004	579.900024414063
905.100168696658	580.900024414063
907.744776445603	582
910.388558940932	580.5
913.031516544529	580.5
915.673649618057	580.700012207031
918.314958522982	580.200012207031
920.955443620539	580.599975585938
923.595105271772	580.099975585938
926.233943837502	580.099975585938
928.871959678349	580
931.509153154708	580
934.145524626778	582.099975585938
936.781074454544	580.799987792969
939.415802997774	580.299987792969
942.049710616031	581.099975585938
944.682797668677	580.200012207031
947.315064514852	580.400024414063
949.94651151349	581.5
952.577139023317	579.900024414063
955.206947402848	580.599975585938
957.835937010394	581.700012207031
960.464108204056	581.200012207031
963.091461341715	580
965.71799678106	582.299987792969
968.343714879566	582.599975585938
970.968615994492	581.099975585938
973.592700482906	581.099975585938
976.215968701646	580.299987792969
978.838421007358	581.799987792969
981.46005775648	581.900024414063
984.080879305233	581.900024414063
986.700886009642	580.200012207031
989.320078225514	583.200012207031
991.938456308459	583.099975585938
994.556020613877	582
997.172771496957	580.799987792969
999.788709312683	583.299987792969
1002.40383441584	582.799987792969
1005.018147161	583.799987792969
1007.63164790252	582.5
1010.24433699457	582.5
1012.85621479111	582
1015.46728164588	583.599975585938
1018.07753791243	583.200012207031
1020.6869839441	583.599975585938
1023.29562009402	583.599975585938
1025.90344671513	582.200012207031
1028.51046416013	584.599975585938
1031.11667278157	584.599975585938
1033.72207293174	582.200012207031
1036.32666496276	585.200012207031
1038.93044922653	585.099975585938
1041.53342607477	585.299987792969
1044.13559585896	584.700012207031
1046.7369589304	583.200012207031
1049.33751564019	585.700012207031
1051.9372663392	584.900024414063
1054.53621137812	586.599975585938
1057.13435110744	584
1059.73168587742	585.400024414063
1062.32821603816	588
1064.92394193951	586.099975585938
1067.51886393115	586.299987792969
1070.11298236253	586.099975585938
1072.70629758294	587.599975585938
1075.29880994142	587.299987792969
1077.89051978685	587.299987792969
1080.48142746787	586.099975585938
1083.07153333294	587.299987792969
1085.66083773033	586.5
1088.24934100808	587.299987792969
1090.83704351404	586.799987792969
1093.42394559587	586.900024414063
1096.01004760101	587.700012207031
1098.59534987672	589
1101.17985277004	590.299987792969
1103.76355662782	588
1106.34646179672	587.900024414063
1108.92856862316	589.599975585938
1111.50987745341	590.700012207031
1114.09038863351	589.599975585938
1116.6701025093	589
1119.24901942644	589.599975585938
1121.82713973036	589.900024414063
1124.40446376633	591
1126.98099187938	590.599975585938
1129.55672441438	591.400024414063
1132.13166171596	592.5
1134.70580412858	591.400024414063
1137.2791519965	591
1139.85170566377	589.400024414063
1142.42346547425	589.299987792969
1144.99443177159	593.400024414063
1147.56460489925	594.099975585938
1150.1339852005	591.200012207031
1152.7025730184	593.200012207031
1155.27036869582	591.400024414063
1157.83737257542	592.900024414063
1160.40358499968	594.299987792969
1162.96900631087	593
1165.53363685107	592.599975585938
1168.09747696216	593.099975585938
1170.66052698582	594.400024414063
1173.22278726354	593.400024414063
1175.78425813661	596
1178.34493994611	594.900024414063
1180.90483303296	592.099975585938
1183.46393773785	595.5
1186.02225440128	596.799987792969
1188.57978336357	593.400024414063
1191.13652496483	596.299987792969
1193.69247954497	597.400024414063
1196.24764744372	597
1198.80202900061	596.799987792969
1201.35562455497	597
1203.90843444593	596.799987792969
1206.46045901244	599.5
1209.01169859325	600.099975585938
1211.5621535269	598
1214.11182415175	598.099975585938
1216.66071080599	600.200012207031
1219.20881382756	602.400024414063
1221.75613355424	601.400024414063
1224.30267032363	602.799987792969
1226.8484244731	602.400024414063
1229.39339633985	600.700012207031
1231.93758626089	604.700012207031
1234.48099457302	603
1237.02362161286	602.799987792969
1239.56546771682	605.599975585938
1242.10653322113	607.5
1244.64681846184	607.900024414063
1247.18632377478	606.799987792969
1249.72504949561	606.200012207031
1252.26299595979	607.5
1254.80016350257	610.5
1257.33655245904	610.400024414063
1259.87216316408	609.099975585938
1262.40699595237	607.599975585938
1264.94105115842	611.200012207031
1267.47432911654	613.400024414063
1270.00683016083	615
1272.53855462522	615.299987792969
1275.06950284345	614.400024414063
1277.59967514906	616.599975585938
1280.12907187541	616
1282.65769335564	614.799987792969
1285.18553992273	616.299987792969
1287.71261190947	618.900024414063
1290.23890964843	621.299987792969
1292.76443347203	621.200012207031
1295.28918371247	620.400024414063
1297.81316070177	622.299987792969
1300.33636477175	623.900024414063
1302.85879625406	629.299987792969
1305.38045548016	626.299987792969
1307.90134278129	623.799987792969
1310.42145848853	623.900024414063
1312.94080293277	629.299987792969
1315.4593764447	629
1317.97717935482	631.599975585938
1320.49421199345	633.299987792969
1323.01047469072	632.5
1325.52596777657	633.400024414063
1328.04069158075	634.200012207031
1330.55464643282	638.200012207031
1333.06783266216	628.700012207031
1335.58025059795	631.799987792969
1338.0919005692	635.799987792969
1340.60278290471	636.299987792969
1343.11289793311	634.5
1345.62224598283	632.599975585938
1348.13082738214	629.900024414063
1350.63864245908	630
1353.14569154154	634.599975585938
1355.65197495721	632.299987792969
1358.15749303358	632.299987792969
1360.66224609798	630.5
1363.16623447752	629.299987792969
1365.66945849917	627.700012207031
1368.17191848967	629.700012207031
1370.67361477558	627.900024414063
1373.17454768332	625.200012207031
1375.67471753905	630.099975585938
1378.17412466881	625.400024414063
1380.67276939842	624.900024414063
1383.17065205353	622.900024414063
1385.66777295958	622.5
1388.16413244186	619.799987792969
1390.65973082545	621
1393.15456843527	618.599975585938
1395.64864559601	614.5
1398.14196263222	616.5
1400.63451986824	619.799987792969
1403.12631762825	617.599975585938
1405.61735623622	617.799987792969
1408.10763601595	616.299987792969
1410.59715729106	613.799987792969
1413.08592038496	611.900024414063
1415.57392562092	612.200012207031
1418.06117332198	607
1420.54766381104	609.5
1423.03339741077	607.700012207031
1425.51837444371	611.599975585938
1428.00259523216	611.099975585938
1430.4860600983	611.599975585938
1432.96876936407	607.200012207031
1435.45072335126	608.200012207031
1437.93192238146	607.299987792969
1440.4123667761	605.299987792969
1442.89205685641	605.900024414063
1445.37099294343	604.900024414063
1447.84917535805	608
1450.32660442094	608.200012207031
1452.80328045262	607.700012207031
1455.27920377341	607.200012207031
1457.75437470346	607.200012207031
1460.22879356272	606.200012207031
1462.70246067098	607.599975585938
1465.17537634785	609.099975585938
1467.64754091272	606.200012207031
1470.11895468486	602.700012207031
1472.58961798332	606.200012207031
1475.05953112695	608.400024414063
1477.52869443449	608.400024414063
1479.99710822443	606.799987792969
1482.46477281511	604.099975585938
1484.93168852469	609.400024414063
1487.39785567115	607.799987792969
1489.86327457228	606.099975585938
1492.32794554571	605.5
1494.79186890886	603.799987792969
1497.255044979	605.299987792969
1499.7174740732	609.400024414063
1502.17915650837	609.599975585938
1504.64009260123	603.900024414063
1507.10028266832	607.299987792969
1509.559727026	611.900024414063
1512.01842599046	610.400024414063
1514.47637987771	609.900024414063
1516.93358900357	607.5
1519.39005368369	607.5
1521.84577423354	609.599975585938
1524.30075096842	613.099975585938
1526.75498420345	610.900024414063
1529.20847425356	606.099975585938
1531.6612214335	611.599975585938
1534.11322605788	612.700012207031
1536.56448844109	612.799987792969
1539.01500889735	612
1541.46478774072	613.400024414063
1543.91382528508	612.900024414063
1546.36212184413	616.299987792969
1548.80967773137	619.5
1551.25649326017	616.799987792969
1553.70256874368	612.299987792969
1556.14790449489	618.900024414063
1558.59250082662	621.200012207031
1561.03635805151	620.900024414063
1563.47947648204	623.200012207031
1565.92185643046	620.5
1568.36349820891	624.700012207031
1570.80440212932	629.200012207031
1573.24456850344	629.400024414063
1575.68399764287	625.299987792969
1578.12268985901	623.599975585938
1580.56064546309	626.299987792969
1582.99786476618	630.900024414063
1585.43434807916	628.400024414063
1587.87009571274	626.700012207031
1590.30510797746	627.900024414063
1592.73938518368	629.299987792969
1595.17292764157	630
1597.60573566116	624.400024414063
1600.03780955229	621.299987792969
1602.46914962461	621.099975585938
1604.89975618762	619.900024414063
1607.32962955063	619.599975585938
1609.75877002279	622.299987792969
1612.18717791306	618.400024414063
1614.61485353024	611
1617.04179718296	611.700012207031
1619.46800917966	611.900024414063
1621.89348982862	609.5
1624.31823943794	606.799987792969
1626.74225831555	602.599975585938
1629.16554676922	602.5
1631.58810510651	601.700012207031
1634.00993363487	601
1636.43103266151	596.900024414063
1638.8514024935	595.400024414063
1641.27104343775	597.200012207031
1643.68995580098	592.299987792969
1646.10813988974	594.099975585938
1648.52559601042	591.900024414063
1650.94232446921	591.400024414063
1653.35832557217	589.5
1655.77359962515	589.200012207031
1658.18814693385	588.599975585938
1660.60196780379	587.900024414063
1663.01506254034	586.200012207031
1665.42743144866	584.5
1667.83907483378	586.200012207031
1670.24999300053	585.700012207031
1672.66018625359	584.799987792969
1675.06965489744	584.099975585938
1677.47839923644	584.099975585938
1679.88641957472	583.700012207031
1682.29371621629	583.200012207031
1684.70028946496	581.900024414063
1687.10613962438	581.599975585938
1689.51126699804	581.400024414063
1691.91567188923	582.200012207031
1694.31935460112	582.400024414063
1696.72231543666	581.400024414063
1699.12455469866	581.400024414063
1701.52607268975	579.599975585938
1703.9268697124	581.200012207031
1706.32694606891	579.799987792969
1708.72630206139	580.599975585938
1711.12493799182	579.400024414063
1713.52285416197	579.599975585938
1715.92005087348	579.5
1718.31652842779	580.799987792969
1720.71228712619	579.599975585938
1723.1073272698	578.900024414063
1725.50164915956	580.099975585938
1727.89525309627	579.200012207031
1730.28813938052	580.200012207031
1732.68030831278	579.099975585938
1735.07176019331	578.200012207031
1737.46249532223	577.5
1739.85251399949	577.799987792969
1742.24181652486	579.099975585938
1744.63040319795	579.099975585938
1747.01827431821	576.900024414063
1749.4054301849	578.5
1751.79187109716	578.700012207031
1754.17759735391	577.400024414063
1756.56260925393	578.099975585938
1758.94690709583	579.400024414063
1761.33049117807	578.200012207031
1763.71336179891	577.700012207031
1766.09551925648	578
1768.47696384872	577.700012207031
1770.85769587341	577.200012207031
1773.23771562817	577.700012207031
1775.61702341044	579.099975585938
1777.99561951751	578.799987792969
1780.37350424651	577.5
1782.75067789438	576.299987792969
1785.12714075793	576.700012207031
1787.50289313376	577.299987792969
1789.87793531834	577.599975585938
1792.25226760798	577.900024414063
1794.62589029879	577.599975585938
1796.99880368675	577.599975585938
1799.37100806765	577.5
1801.74250373715	578.299987792969
1804.1132909907	578.299987792969
1806.48337012362	577.599975585938
1808.85274143106	577.099975585938
1811.221405208	576.900024414063
1813.58936174925	578.299987792969
1815.95661134948	576.099975585938
1818.32315430317	576.299987792969
1820.68899090465	577.299987792969
1823.0541214481	576.5
1825.4185462275	576
1827.78226553671	576.200012207031
1830.1452796694	576.200012207031
1832.50758891907	578.400024414063
1834.86919357909	577.900024414063
1837.23009394264	576.799987792969
1839.59029030275	576.700012207031
1841.94978295228	576.200012207031
1844.30857218393	576.200012207031
1846.66665829026	575.799987792969
1849.02404156362	576.200012207031
1851.38072229624	576.700012207031
1853.73670078017	577.099975585938
1856.09197730732	575.400024414063
1858.4465521694	576.299987792969
1860.80042565799	576.400024414063
1863.15359806449	575.700012207031
1865.50606968016	576.099975585938
1867.85784079609	574.900024414063
1870.20891170319	576.5
1872.55928269223	575.799987792969
1874.90895405382	575.5
1877.2579260784	576.900024414063
1879.60619905625	576.5
1881.95377327751	577
1884.30064903212	577
1886.64682660989	576
1888.99230630047	576.200012207031
1891.33708839333	577.099975585938
1893.6811731778	577
1896.02456094305	575.299987792969
1898.36725197808	575.900024414063
1900.70924657172	576.599975585938
1903.05054501267	577.200012207031
1905.39114758944	575.099975585938
1907.73105459042	575.799987792969
1910.0702663038	577.799987792969
1912.40878301763	575.900024414063
1914.7466050198	577.099975585938
1917.08373259804	575.900024414063
1919.42016603993	576.299987792969
1921.75590563288	576
1924.09095166413	575.799987792969
1926.4253044208	574.599975585938
1928.75896418982	576.5
1931.09193125797	576.599975585938
1933.42420591187	575
1935.75578843799	575.5
1938.08667912263	576.200012207031
1940.41687825195	576.200012207031
1942.74638611193	574.5
1945.07520298842	574.599975585938
1947.40332916709	574.700012207031
1949.73076493345	576.5
1952.05751057288	575.599975585938
1954.38356637057	576.299987792969
1956.70893261159	575.299987792969
1959.03360958081	576.400024414063
1961.35759756299	575.799987792969
1963.68089684269	576.599975585938
1966.00350770434	575
1968.3254304322	576.299987792969
1970.64666531039	575.200012207031
1972.96721262287	575.099975585938
1975.28707265342	576.200012207031
1977.6062456857	575.900024414063
1979.92473200318	574.900024414063
1982.24253188921	576.200012207031
1984.55964562695	576.099975585938
1986.87607349943	574.599975585938
1989.19181578951	576.900024414063
1991.5068727799	575.900024414063
1993.82124475315	576.299987792969
1996.13493199167	575.700012207031
1998.4479347777	574.200012207031
2000.76025339332	575.400024414063
2003.07188812048	576
2005.38283924095	575.299987792969
2007.69310703636	574.599975585938
2010.00269178818	575.599975585938
2012.31159377773	575.900024414063
2014.61981328617	575.099975585938
2016.92735059452	575.099975585938
2019.23420598361	576
2021.54037973416	576.299987792969
2023.84587212671	575.700012207031
2026.15068344166	575
2028.45481395925	574.5
2030.75826395956	575.799987792969
2033.06103372252	576.400024414063
2035.36312352793	575.799987792969
2037.66453365539	576.299987792969
2039.96526438439	575.799987792969
2042.26531599426	575.599975585938
2044.56468876415	575.299987792969
2046.86338297308	575.099975585938
2049.16139889991	575.599975585938
2051.45873682337	575.599975585938
2053.75539702199	576.099975585938
2056.0513797742	576.5
2058.34668535824	575.700012207031
2060.64131405221	574.799987792969
2062.93526613407	575.200012207031
2065.22854188161	575.200012207031
2067.52114157248	574.799987792969
2069.81306548417	575.400024414063
2072.10431389403	575.400024414063
2074.39488707923	574.900024414063
2076.68478531684	575.299987792969
2078.97400888373	576.599975585938
2081.26255805664	576.200012207031
2083.55043311216	574.5
2085.83763432672	575.299987792969
2088.12416197662	575.599975585938
2090.41001633797	575.099975585938
2092.69519768677	574.900024414063
2094.97970629885	575.099975585938
2097.26354244989	575.599975585938
2099.54670641542	575.299987792969
2101.82919847083	575.200012207031
2104.11101889135	575.200012207031
2106.39216795205	575.5
2108.67264592787	574.5
2110.95245309359	575.900024414063
2113.23158972385	576
2115.51005609313	576
2117.78785247575	575.5
2120.06497914591	574.799987792969
2122.34143637764	574.900024414063
2124.61722444482	574.5
2126.89234362119	575.200012207031
2129.16679418034	575.900024414063
2131.4405763957	574.5
2133.71369054057	574.799987792969
2135.98613688808	575.700012207031
2138.25791571123	576.5
2140.52902728287	575.200012207031
2142.79947187568	575.299987792969
2145.06924976222	574.400024414063
2147.33836121488	574.599975585938
2149.60680650591	575.599975585938
2151.87458590743	575.299987792969
2154.14169969137	574.599975585938
2156.40814812956	575.299987792969
2158.67393149364	576.200012207031
2160.93905005513	575.299987792969
2163.2035040854	575.900024414063
2165.46729385567	575.299987792969
2167.73041963699	573.700012207031
2169.99288170031	575.599975585938
2172.25468031638	575.799987792969
2174.51581575584	575.700012207031
2176.77628828918	574.900024414063
2179.03609818672	575.400024414063
2181.29524571865	574.900024414063
2183.55373115503	575.599975585938
2185.81155476573	575.299987792969
2188.06871682052	575.299987792969
2190.32521758899	574.200012207031
2192.5810573406	575.700012207031
2194.83623634466	575
2197.09075487034	575.400024414063
2199.34461318665	575.200012207031
2201.59781156247	575.599975585938
2203.85035026652	575.599975585938
2206.10222956739	576
2208.35344973351	576.200012207031
2210.60401103316	576
2212.85391373451	574.900024414063
2215.10315810554	575.400024414063
2217.35174441412	576
2219.59967292795	574.599975585938
2221.84694391459	574.900024414063
2224.09355764148	574.200012207031
2226.33951437588	577.200012207031
2228.58481438492	575.799987792969
2230.8294579356	574.599975585938
2233.07344529475	574.700012207031
2235.31677672907	575.299987792969
2237.55945250512	574.700012207031
2239.8014728893	576.099975585938
2242.04283814789	575
2244.283548547	575
2246.52360435261	574.700012207031
2248.76300583055	575.200012207031
2251.00175324652	575.299987792969
2253.23984686606	576
2255.47728695458	574.599975585938
2257.71407377733	575.099975585938
2259.95020759944	575.900024414063
2262.18568868587	575.200012207031
2264.42051730147	575.099975585938
2266.65469371091	574.099975585938
2268.88821817874	575.799987792969
2271.12109096937	575.700012207031
2273.35331234705	575.299987792969
2275.5848825759	575
2277.81580191989	576.299987792969
2280.04607064287	575.099975585938
2282.27568900851	575
2284.50465728037	575.700012207031
2286.73297572185	575
2288.96064459621	575.099975585938
2291.18766416659	575.700012207031
2293.41403469595	575.200012207031
2295.63975644714	574.799987792969
2297.86482968285	574
2300.08925466564	575.200012207031
2302.31303165792	575.599975585938
2304.53616092197	576
2306.75864271992	575.799987792969
2308.98047731375	574.799987792969
2311.20166496532	574.900024414063
2313.42220593634	576.200012207031
2315.64210048837	574.5
2317.86134888284	575.099975585938
2320.07995138104	574
2322.2979082441	574.700012207031
2324.51521973305	576.5
2326.73188610874	576.5
2328.94790763189	575
2331.1632845631	575.099975585938
2333.3780171628	575.700012207031
2335.5921056913	575.799987792969
2337.80555040877	575.700012207031
2340.01835157523	574.5
2342.23050945056	574.400024414063
2344.44202429451	574.700012207031
2346.65289636669	576
2348.86312592656	575.400024414063
2351.07271323345	574.900024414063
2353.28165854655	575.5
2355.4899621249	575.400024414063
2357.69762422743	575.099975585938
2359.90464511288	576.400024414063
2362.11102503991	574.700012207031
2364.316764267	574.5
2366.52186305251	575
2368.72632165466	575.900024414063
2370.93014033151	575.900024414063
2373.13331934102	576.400024414063
2375.33585894097	575.700012207031
2377.53775938904	576.599975585938
2379.73902094275	575.599975585938
2381.93964385948	575.099975585938
2384.13962839649	575.200012207031
2386.33897481088	576.200012207031
2388.53768335963	576.5
2390.73575429957	576
2392.9331878874	576.799987792969
2395.12998437969	575.299987792969
2397.32614403285	575.700012207031
2399.52166710317	577.200012207031
2401.7165538468	574.900024414063
2403.91080451975	574.900024414063
2406.10441937789	576.5
2408.29739867697	576
2410.48974267258	576.200012207031
2412.68145162019	575.900024414063
2414.87252577512	576.299987792969
2417.06296539257	576.099975585938
2419.25277072759	576.599975585938
2421.4419420351	577.299987792969
2423.63047956988	578.400024414063
2425.81838358658	578.400024414063
2428.0056543397	578.5
2430.19229208362	579.099975585938
2432.37829707258	577.799987792969
2434.56366956068	577.700012207031
2436.74840980189	577.599975585938
2438.93251805003	578.5
2441.1159945588	577.700012207031
2443.29883958176	578.5
2445.48105337233	577.5
2447.66263618382	577.299987792969
2449.84358826935	577.5
2452.02390988197	576.700012207031
2454.20360127454	577.200012207031
2456.38266269983	575.200012207031
2458.56109441043	575.799987792969
2460.73889665884	575.900024414063
2462.9160696974	576.299987792969
2465.09261377831	575.200012207031
2467.26852915366	576.400024414063
2469.44381607538	576.599975585938
2471.61847479527	577.700012207031
2473.79250556503	576.400024414063
2475.96590863618	576.900024414063
2478.13868426012	576
2480.31083268813	576.599975585938
2482.48235417135	577.900024414063
2484.65324896077	576
2486.82351730728	575.400024414063
2488.9931594616	576.900024414063
2491.16217567433	576.900024414063
2493.33056619595	577.200012207031
2495.4983312768	576.400024414063
2497.66547116707	575.900024414063
2499.83198611683	576.099975585938
2501.99787637602	577.299987792969
2504.16314219445	576.900024414063
2506.32778382178	576.5
2508.49180150756	575.900024414063
2510.65519550119	575.900024414063
2512.81796605194	575.5
2514.98011340895	576.700012207031
2517.14163782123	576
2519.30253953765	575.900024414063
2521.46281880697	576.799987792969
2523.62247587779	575.900024414063
2525.78151099858	576.900024414063
2527.9399244177	576.700012207031
2530.09771638337	576.400024414063
2532.25488714366	577.5
2534.41143694653	576.900024414063
2536.56736603979	576.599975585938
2538.72267467114	576.099975585938
2540.87736308814	575.599975585938
2543.03143153821	577.400024414063
2545.18488026864	576.299987792969
2547.3377095266	577
2549.48991955912	576.299987792969
2551.6415106131	576.299987792969
2553.79248293531	576.299987792969
2555.9428367724	576.900024414063
2558.09257237087	576.799987792969
2560.2416899771	576.599975585938
2562.39018983733	573.700012207031
2564.53807219769	576
2566.68533730416	577.200012207031
2568.8319854026	576
2570.97801673873	575.900024414063
2573.12343155815	576.200012207031
2575.26823010633	575.900024414063
2577.4124126286	577.200012207031
2579.55597937017	575.5
2581.69893057612	576.200012207031
2583.84126649139	576.799987792969
2585.9829873608	576.5
2588.12409342903	578.099975585938
2590.26458494065	577.700012207031
2592.40446214009	576.099975585938
2594.54372527164	576
2596.68237457948	577.5
2598.82041030764	576.799987792969
2600.95783270004	576.799987792969
2603.09464200046	575.700012207031
2605.23083845255	576.900024414063
2607.36642229985	576.599975585938
2609.50139378575	575.900024414063
2611.63575315352	576.799987792969
2613.76950064629	576.799987792969
2615.90263650709	575.299987792969
2618.03516097878	577.400024414063
2620.16707430413	576.700012207031
2622.29837672577	576.299987792969
2624.42906848619	576.299987792969
2626.55914982777	575.900024414063
2628.68862099274	576.799987792969
2630.81748222322	576.200012207031
2632.94573376121	576.299987792969
2635.07337584855	576.299987792969
2637.20040872699	577.099975585938
2639.32683263812	576.799987792969
2641.45264782342	577.799987792969
2643.57785452424	575.900024414063
2645.70245298181	576.5
2647.82644343723	575.799987792969
2649.94982613145	576.099975585938
2652.07260130532	576
2654.19476919956	575.700012207031
2656.31633005475	576.5
2658.43728411136	576.599975585938
2660.55763160971	578.200012207031
2662.67737279003	577.5
2664.79650789238	578.099975585938
2666.91503715672	575.700012207031
2669.03296082288	576.900024414063
2671.15027913057	576.400024414063
2673.26699231936	576.900024414063
2675.3831006287	577.400024414063
2677.49860429791	577.700012207031
2679.6135035662	577
2681.72779867263	577.200012207031
2683.84148985615	577.599975585938
2685.95457735559	576.5
2688.06706140964	576.5
2690.17894225686	577.700012207031
2692.29022013571	576.099975585938
2694.4008952845	577.299987792969
2696.51096794143	576.599975585938
2698.62043834457	576.599975585938
2700.72930673185	575.5
2702.83757334111	577.099975585938
2704.94523841003	575.799987792969
2707.05230217618	576.200012207031
2709.15876487701	577.200012207031
2711.26462674983	577.400024414063
2713.36988803185	576.400024414063
2715.47454896013	576.599975585938
2717.57860977162	575.599975585938
2719.68207070314	575.700012207031
2721.78493199138	575.200012207031
2723.88719387294	576
2725.98885658424	575.599975585938
2728.08992036162	574.700012207031
2730.19038544128	578.700012207031
2732.2902520593	576.599975585938
2734.38952045163	578.299987792969
2736.4881908541	575.599975585938
2738.58626350241	575.400024414063
2740.68373863216	576.099975585938
2742.7806164788	576
2744.87689727767	575.099975585938
2746.97258126398	575.299987792969
2749.06766867281	575
2751.16215973915	575.900024414063
2753.25605469783	576.400024414063
2755.34935378356	576.200012207031
2757.44205723096	575.200012207031
2759.5341652745	575.700012207031
2761.62567814852	576.5
2763.71659608726	575.700012207031
2765.80691932483	575.700012207031
2767.8966480952	576.299987792969
2769.98578263225	576.200012207031
2772.07432316971	575.599975585938
2774.1622699412	576
2776.24962318022	574.599975585938
2778.33638312013	575.200012207031
2780.4225499942	576.700012207031
2782.50812403556	575.900024414063
2784.5931054772	575.900024414063
2786.67749455202	576.200012207031
2788.76129149278	575.700012207031
2790.84449653213	576.200012207031
2792.92710990258	576.400024414063
2795.00913183653	575.299987792969
2797.09056256628	575.599975585938
2799.17140232396	575.299987792969
2801.25165134162	575.900024414063
2803.33130985118	575.599975585938
2805.41037808443	575.599975585938
2807.48885627303	575.5
2809.56674464855	575.900024414063
2811.64404344241	575.099975585938
2813.72075288594	575.599975585938
2815.79687321031	574.900024414063
2817.87240464659	574.200012207031
2819.94734742574	575.799987792969
2822.02170177858	575.799987792969
2824.09546793583	576.200012207031
2826.16864612807	575.700012207031
2828.24123658577	576
2830.31323953928	575.299987792969
2832.38465521882	574.900024414063
2834.4554838545	575
2836.52572567632	576
2838.59538091413	574.900024414063
2840.6644497977	575.5
2842.73293255665	575.599975585938
2844.80082942048	575.700012207031
2846.86814061859	575.400024414063
2848.93486638025	574.900024414063
2851.00100693461	575.5
2853.0665625107	576.299987792969
2855.13153333745	575.299987792969
2857.19591964362	574.900024414063
2859.25972165792	576
2861.32293960889	575.5
2863.38557372497	574.700012207031
2865.44762423447	574.599975585938
2867.5090913656	576
2869.56997534644	575.799987792969
2871.63027640495	575.599975585938
2873.68999476898	575.099975585938
2875.74913066625	575.099975585938
2877.80768432437	576
2879.86565597083	577.099975585938
2881.923045833	574.700012207031
2883.97985413814	574.900024414063
2886.03608111337	575.799987792969
2888.09172698572	576.099975585938
2890.14679198208	575.299987792969
2892.20127632925	575.299987792969
2894.25518025387	575.700012207031
2896.30850398251	575.5
2898.36124774158	575.400024414063
2900.4134117574	576.099975585938
2902.46499625617	574.200012207031
2904.51600146395	575.200012207031
2906.56642760672	575.200012207031
2908.61627491031	575.900024414063
2910.66554360044	575.099975585938
2912.71423390273	575.700012207031
2914.76234604267	575.400024414063
2916.80988024564	575.400024414063
2918.85683673688	575.099975585938
2920.90321574155	576
2922.94901748466	576.599975585938
2924.99424219113	573.900024414063
2927.03889008574	574
2929.08296139317	575.900024414063
2931.12645633799	575.900024414063
2933.16937514463	574.200012207031
2935.21171803742	574.900024414063
2937.25348524057	574.400024414063
2939.29467697818	575.299987792969
2941.33529347421	575
2943.37533495255	577.099975585938
2945.41480163693	574.299987792969
2947.45369375098	575.5
2949.49201151823	576.599975585938
2951.52975516206	575.599975585938
2953.56692490576	576.099975585938
2955.60352097252	574.799987792969
2957.63954358537	574.200012207031
2959.67499296725	574
2961.709869341	575.5
2963.74417292931	574.799987792969
2965.77790395478	574.5
2967.8110626399	573.400024414063
2969.84364920701	575.299987792969
2971.87566387838	575
2973.90710687613	574.599975585938
2975.93797842229	574.200012207031
2977.96827873875	573.799987792969
2979.99800804732	573.299987792969
2982.02716656966	575
2984.05575452733	573.400024414063
2986.08377214179	574.400024414063
2988.11121963436	574.900024414063
2990.13809722627	572.5
2992.16440513862	573.599975585938
2994.19014359239	573.700012207031
2996.21531280848	574.099975585938
2998.23991300763	574.099975585938
3000.2639444105	574.599975585938
3002.28740723762	574.599975585938
3004.31030170942	573.799987792969
3006.3326280462	574.599975585938
3008.35438646816	574.900024414063
3010.37557719538	574.400024414063
3012.39620044782	572.700012207031
3014.41625644535	574.299987792969
3016.4357454077	573.400024414063
3018.4546675545	573.700012207031
3020.47302310527	573.599975585938
3022.49081227941	573.099975585938
3024.5080352962	574.299987792969
3026.52469237483	573.400024414063
3028.54078373436	573
3030.55630959375	572.799987792969
3032.57127017182	574.200012207031
3034.5856656873	573.5
3036.59949635882	572.700012207031
3038.61276240486	573.799987792969
3040.62546404383	573.799987792969
3042.63760149399	573.900024414063
3044.6491749735	574.200012207031
3046.66018470044	573.700012207031
3048.67063089272	572.5
3050.68051376818	572.299987792969
3052.68983354455	573.299987792969
3054.69859043942	572.799987792969
3056.70678467028	572.799987792969
3058.71441645452	574
3060.7214860094	573.599975585938
3062.72799355209	573.599975585938
3064.73393929964	573.400024414063
3066.73932346896	573
3068.74414627691	573.599975585938
3070.74840794017	573.700012207031
3072.75210867536	573.299987792969
3074.75524869897	573.299987792969
3076.75782822737	573.900024414063
3078.75984747684	573.400024414063
3080.76130666353	573.900024414063
3082.76220600349	572.799987792969
3084.76254571266	572
3086.76232600685	572.599975585938
3088.7615471018	573
3090.76020921309	573.200012207031
3092.75831255623	572.799987792969
3094.75585734659	573.5
3096.75284379946	572.599975585938
3098.74927213	572.900024414063
3100.74514255324	573.5
3102.74045528416	573.5
3104.73521053756	572.200012207031
3106.72940852818	573.799987792969
3108.72304947063	573
3110.71613357941	573.900024414063
3112.70866106891	573.099975585938
3114.70063215343	573.299987792969
3116.69204704713	573.799987792969
3118.68290596407	574
3120.67320911823	573
3122.66295672342	573
3124.65214899341	573.700012207031
3126.64078614181	573.5
3128.62886838213	573.599975585938
3130.6163959278	573.299987792969
3132.60336899211	572.799987792969
3134.58978778824	572.599975585938
3136.57565252929	573.400024414063
3138.56096342822	572.900024414063
3140.5457206979	572.700012207031
3142.52992455109	572.400024414063
3144.51357520043	572.5
3146.49667285846	572.5
3148.47921773761	573.799987792969
3150.46121005021	572.799987792969
3152.44265000846	572.5
3154.42353782447	573.299987792969
3156.40387371024	573.799987792969
3158.38365787765	572.5
3160.36289053849	573.599975585938
3162.34157190443	572.900024414063
3164.31970218703	572.099975585938
3166.29728159776	572.599975585938
3168.27431034795	572.700012207031
3170.25078864886	573.599975585938
3172.22671671161	571.900024414063
3174.20209474723	572.799987792969
3176.17692296664	572.099975585938
3178.15120158065	573.400024414063
3180.12493079997	572.700012207031
3182.09811083518	572.700012207031
3184.07074189678	572.700012207031
3186.04282419516	572.5
3188.01435794059	572.700012207031
3189.98534334322	572.900024414063
3191.95578061313	573.299987792969
3193.92566996027	572.099975585938
3195.89501159449	572.099975585938
3197.86380572552	573.099975585938
3199.83205256301	572.5
3201.79975231647	572
3203.76690519533	573.5
3205.7335114089	573.200012207031
3207.6995711664	572.900024414063
3209.66508467691	571.700012207031
3211.63005214944	572.700012207031
3213.59447379287	573.200012207031
3215.55834981599	572.099975585938
3217.52168042747	572.799987792969
3219.48446583589	572.5
3221.4467062497	573.299987792969
3223.40840187728	572.799987792969
3225.36955292686	573.099975585938
3227.3301596066	571.900024414063
3229.29022212453	572.799987792969
3231.2497406886	573.099975585938
3233.20871550664	572.200012207031
3235.16714678637	572.400024414063
3237.1250347354	572.400024414063
3239.08237956126	572.400024414063
3241.03918147135	572.799987792969
3242.99544067297	572.400024414063
3244.95115737333	572.5
3246.90633177951	572.099975585938
3248.86096409851	573
3250.81505453721	572.400024414063
3252.76860330238	571.900024414063
3254.72161060071	572.700012207031
3256.67407663875	571.700012207031
3258.62600162298	572.099975585938
3260.57738575975	572.099975585938
3262.52822925532	572.299987792969
3264.47853231583	575.299987792969
3266.42829514735	572.799987792969
3268.3775179558	572.200012207031
3270.32620094702	572.700012207031
3272.27434432676	572.5
3274.22194830063	573.5
3276.16901307416	572.400024414063
3278.11553885278	572.599975585938
3280.0615258418	572.200012207031
3282.00697424643	571
3283.95188427179	571.5
3285.89625612288	572.099975585938
3287.84009000459	572
3289.78338612174	572.099975585938
3291.72614467902	571.700012207031
3293.66836588101	572.099975585938
3295.61004993221	571.799987792969
3297.55119703699	571.700012207031
3299.49180739965	572
3301.43188122435	571.900024414063
3303.37141871518	571.5
3305.31042007611	572.099975585938
3307.248885511	571.900024414063
3309.18681522362	571.900024414063
3311.12420941763	571.900024414063
3313.0610682966	572.5
3314.99739206398	572.200012207031
3316.93318092313	571.299987792969
3318.86843507729	572.200012207031
3320.80315472962	571.200012207031
3322.73734008317	571
3324.67099134087	572.5
3326.60410870558	572
3328.53669238003	572.700012207031
3330.46874256686	571.700012207031
3332.4002594686	572.400024414063
3334.33124328769	571.599975585938
3336.26169422646	572.5
3338.19161248714	571.200012207031
3340.12099827185	572.599975585938
3342.04985178263	571.200012207031
3343.97817322139	570.900024414063
3345.90596278996	571.700012207031
3347.83322069005	572.099975585938
3349.75994712329	571.599975585938
3351.6861422912	572.099975585938
3353.61180639518	571.900024414063
3355.53693963656	571.5
3357.46154221654	571.400024414063
3359.38561433624	571.5
3361.30915619668	572.400024414063
3363.23216799874	571.799987792969
3365.15464994326	571.599975585938
3367.07660223092	572.200012207031
3368.99802506235	571.099975585938
3370.91891863804	571.900024414063
3372.8392831584	571.900024414063
3374.75911882373	571
3376.67842583425	571.799987792969
3378.59720439004	571
3380.5154546911	571.900024414063
3382.43317693735	572.599975585938
3384.35037132858	571.900024414063
3386.2670380645	571.200012207031
3388.1831773447	572.5
3390.09878936868	571.900024414063
3392.01387433584	571.5
3393.92843244549	571.599975585938
3395.84246389681	571.400024414063
3397.75596888892	571.099975585938
3399.66894762081	571.400024414063
3401.58140029137	572.700012207031
3403.49332709942	571.5
3405.40472824365	570.900024414063
3407.31560392265	572.599975585938
3409.22595433494	572.299987792969
3411.13577967891	571.5
3413.04508015286	571.900024414063
3414.953855955	572.200012207031
3416.86210728342	572.299987792969
3418.76983433614	572.400024414063
3420.67703731105	571.599975585938
3422.58371640596	572.400024414063
3424.48987181858	571.799987792969
3426.39550374651	573.299987792969
3428.30061238726	571.599975585938
3430.20519793825	571.299987792969
3432.10926059677	571.5
3434.01280056005	571.700012207031
3435.91581802519	571.5
3437.8183131892	571.700012207031
3439.72028624901	572
3441.62173740142	571.900024414063
3443.52266684316	572
3445.42307477085	570.900024414063
3447.322961381	572.5
3449.22232687005	571.400024414063
3451.12117143431	571.5
3453.01949527001	571.099975585938
3454.91729857327	571
3456.81458154014	572.400024414063
3458.71134436653	571.099975585938
3460.6075872483	570.700012207031
3462.50331038116	570.5
3464.39851396076	572.200012207031
3466.29319818265	572
3468.18736324225	572.099975585938
3470.08100933492	570.900024414063
3471.97413665591	572.200012207031
3473.86674540037	571.400024414063
3475.75883576334	571.299987792969
3477.65040793979	572.099975585938
3479.54146212457	571
3481.43199851244	571.599975585938
3483.32201729806	571.200012207031
3485.21151867601	572.700012207031
3487.10050284075	571.400024414063
3488.98896998665	571.700012207031
3490.87692030799	571.5
3492.76435399895	570.799987792969
3494.6512712536	571.599975585938
3496.53767226594	572
3498.42355722985	570.599975585938
3500.30892633911	571.099975585938
3502.19377978744	572.299987792969
3504.07811776841	571.5
3505.96194047554	571.900024414063
3507.84524810223	572.099975585938
3509.72804084179	571.200012207031
3511.61031888743	572.200012207031
3513.49208243227	571.400024414063
3515.37333166932	571.5
3517.25406679152	571.900024414063
3519.13428799168	571.400024414063
3521.01399546254	571.599975585938
3522.89318939674	572.400024414063
3524.77186998681	571.5
3526.6500374252	571.700012207031
3528.52769190426	571.099975585938
3530.40483361624	572.099975585938
3532.28146275329	571.5
3534.15757950748	572.200012207031
3536.03318407078	571.099975585938
3537.90827663505	572.5
3539.78285739207	570.5
3541.65692653351	571.5
3543.53048425097	571.900024414063
3545.40353073593	571.099975585938
3547.27606617978	572.099975585938
3549.14809077383	570.900024414063
3551.01960470927	571
3552.89060817722	571.700012207031
3554.76110136869	571.099975585938
3556.63108447459	571.599975585938
3558.50055768576	571.599975585938
3560.36952119291	571.200012207031
3562.2379751867	571.5
3564.10591985764	571.299987792969
3565.9733553962	571.400024414063
3567.84028199272	571.799987792969
3569.70669983745	571.299987792969
3571.57260912056	571.5
3573.43801003212	571.5
3575.3029027621	571.200012207031
3577.16728750037	571.5
3579.03116443673	571.900024414063
3580.89453376086	571.5
3582.75739566236	571.5
3584.61975033074	571.200012207031
3586.48159795539	571.5
3588.34293872564	571.599975585938
3590.20377283071	571.299987792969
3592.06410045972	571.700012207031
3593.92392180171	570.900024414063
3595.78323704561	571.5
3597.64204638028	571.5
3599.50034999447	571.900024414063
3601.35814807682	570.599975585938
3603.21544081592	570.599975585938
3605.07222840023	570.700012207031
3606.92851101814	571.400024414063
3608.78428885792	572
3610.63956210778	572.200012207031
3612.4943309558	571.200012207031
3614.34859559	570.700012207031
3616.20235619829	571.599975585938
3618.05561296849	569.700012207031
3619.90836608833	572
3621.76061574545	571.400024414063
3623.61236212737	571.599975585938
3625.46360542156	572.400024414063
3627.31434581538	571.299987792969
3629.16458349607	571.299987792969
3631.01431865083	570.799987792969
3632.86355146672	570.599975585938
3634.71228213073	571.200012207031
3636.56051082976	571.799987792969
3638.4082377506	571.200012207031
3640.25546307997	572.099975585938
3642.10218700449	571.200012207031
3643.94840971067	570.700012207031
3645.79413138496	571.200012207031
3647.6393522137	572
3649.48407238312	574.5
3651.3282920794	571.799987792969
