-94.6818902352418	570.400024414063
-91.7178116798149	569.400024414063
-88.7547023602959	570
-85.7925618283327	570
-82.8313896358261	569.900024414063
-79.8711853349613	570.900024414063
-76.9119484782043	570.200012207031
-73.9536786182892	570.700012207031
-70.9963753082344	571
-68.0400381013257	570.200012207031
-65.0846665511289	570.299987792969
-62.1302602114812	570
-59.1768186365029	569.799987792969
-56.2243413805692	570.400024414063
-53.2728279983503	570.400024414063
-50.322278044787	569.299987792969
-47.3726910750863	570.400024414063
-44.4240666447295	570.099975585938
-41.4764043094838	569.700012207031
-38.5297036253659	569.599975585938
-35.5839641486906	570.5
-32.6391854360335	570.400024414063
-29.6953670442396	570.099975585938
-26.7525085304387	570.5
-23.8106094520172	570.599975585938
-20.8696693666422	570.299987792969
-17.9296878322571	571.400024414063
-14.990664407069	574.200012207031
-12.0525986495573	589.099975585938
-9.1154901184769	635.200012207031
-6.17933837285004	732.799987792969
-3.24414297197032	832.5
-0.309903475398349	901.200012207031
2.6233805570224	896
5.5557095651939	757.5
8.48708398873965	736
11.417504267013	738.599975585938
14.3469708391051	682.700012207031
17.2754841438297	614.700012207031
20.2030446197305	584.5
23.1296527050902	573.5
26.055308837918	572.099975585938
28.9800134559584	570.299987792969
31.9037669966788	570.400024414063
34.8265698972865	570.599975585938
37.7484225947199	570
40.6693255256457	569.200012207031
43.5892791264743	569.900024414063
46.5082838333286	569.700012207031
49.4263400820919	570.400024414063
52.343448308348	570.400024414063
55.2596089474457	569.599975585938
58.1748224344429	569.900024414063
61.0890892041507	569.900024414063
64.0024096910936	569.799987792969
66.9147843295499	570
69.8262135535237	569.400024414063
72.7366977967493	570.299987792969
75.646237492707	569.900024414063
78.5548330745998	569.700012207031
81.4624849753774	570.299987792969
84.3691936277124	568.799987792969
87.2749594640282	570.599975585938
90.1797829164639	570.700012207031
93.0836644169178	569.5
95.986604397004	571.299987792969
98.8886032880924	569.900024414063
101.789661521269	570.099975585938
104.689779527372	570.099975585938
107.588957736969	569.700012207031
110.487196580371	570.799987792969
113.384496487618	570.599975585938
116.280857888492	570
119.17628121252	570.599975585938
122.07076688895	572.099975585938
124.964315346787	572.700012207031
127.856927014764	573.900024414063
130.748602321351	576.799987792969
133.63934169476	577.900024414063
136.52914556295	580
139.418014353601	580.799987792969
142.305948494147	581.5
145.192948411762	583.799987792969
148.079014533349	581.900024414063
150.964147285558	582.700012207031
153.848347094784	582.299987792969
156.731614387146	582.200012207031
159.613949588528	584.400024414063
162.495353124535	581.5
165.375825420517	582.400024414063
168.255366901569	583.400024414063
171.133977992528	584.200012207031
174.011659117973	583.599975585938
176.888410702216	581.200012207031
179.76423316932	581.400024414063
182.639126943089	582
185.513092447068	583.200012207031
188.38613010454	583.599975585938
191.258240338542	581.700012207031
194.129423571842	581.599975585938
196.999680226957	583
199.86901072615	584.5
202.737415491424	582.599975585938
205.604894944522	582
208.471449506939	581.700012207031
211.337079599913	584.5
214.201785644413	585.299987792969
217.065568061175	582.200012207031
219.928427270659	581.700012207031
222.790363693085	583.400024414063
225.651377748406	585.400024414063
228.511469856331	582.700012207031
231.370640436308	581.799987792969
234.228889907531	584.599975585938
237.086218688946	584.700012207031
239.942627199236	585
242.798115856831	584.099975585938
245.652685079919	582.200012207031
248.50633528642	583.799987792969
251.359066894015	585
254.210880320118	584.299987792969
257.0617759819	582.799987792969
259.911754296275	582.299987792969
262.760815679908	585.5
265.608960549209	586.700012207031
268.456189320332	583.5
271.30250240919	582.700012207031
274.147900231434	584.700012207031
276.992383202475	585.200012207031
279.835951737452	585
282.678606251282	582.799987792969
285.520347158607	584.099975585938
288.361174873827	584.5
291.201089811094	585
294.040092384307	585.299987792969
296.878183007115	584.099975585938
299.715362092912	584.400024414063
302.551630054858	586.299987792969
305.386987305845	586.299987792969
308.221434258528	584.799987792969
311.054971325307	584.299987792969
313.887598918332	585.200012207031
316.71931744951	586.299987792969
319.550127330492	585.299987792969
322.380028972692	585.099975585938
325.209022787264	585.5
328.037109185117	585.799987792969
330.864288576915	586.400024414063
333.690561373075	585.5
336.515927983763	585.299987792969
339.340388818899	585.200012207031
342.163944288156	587.700012207031
344.986594800962	584.5
347.808340766495	585.299987792969
350.629182593689	584.900024414063
353.44912069123	587.5
356.268155467559	588.099975585938
359.086287330868	584.799987792969
361.903516689109	584.700012207031
364.719843949987	585.200012207031
367.535269520956	588.900024414063
370.349793809229	586.400024414063
373.163417221774	584.099975585938
375.976140165312	584.200012207031
378.787963046327	586.400024414063
381.598886271043	586.400024414063
384.408910245454	585.099975585938
387.218035375308	585.5
390.026262066104	586
392.833590723098	586.799987792969
395.6400217513	585.799987792969
398.445555555486	586.400024414063
401.250192540183	584.900024414063
404.053933109673	587.200012207031
406.856777667997	586.400024414063
409.658726618955	585.900024414063
412.459780366101	585.900024414063
415.259939312753	585
418.059203861978	585.299987792969
420.857574416606	585.200012207031
423.655051379224	585.200012207031
426.451635152192	585.099975585938
429.247326137592	585.900024414063
432.042124737305	586.099975585938
434.83603135295	586
437.629046385904	584.099975585938
440.421170237315	584.599975585938
443.212403308082	584.400024414063
446.002745998859	585.700012207031
448.792198710075	586.200012207031
451.580761841906	583.5
454.368435794293	584
457.155220966939	586.200012207031
459.941117759304	584.400024414063
462.726126570612	584.099975585938
465.510247799839	585
468.293481845742	583.900024414063
471.075829106821	584.099975585938
473.857289981343	585.400024414063
476.637864867336	591.599975585938
479.41755416259	590.299987792969
482.196358264664	587
484.974277570869	585.099975585938
487.751312478281	583.799987792969
490.527463383743	582.900024414063
493.302730683853	581.900024414063
496.077114774984	583.599975585938
498.850616053258	582.400024414063
501.623234914575	581.900024414063
504.394971754582	582.099975585938
507.165826968705	582.299987792969
509.935800952119	581.200012207031
512.704894099782	582.299987792969
515.473106806397	580.299987792969
518.240439466439	582.400024414063
521.006892474154	583.599975585938
523.772466223546	582.400024414063
526.537161108374	580.599975585938
529.300977522185	581
532.063915858276	581.400024414063
534.82597650971	580.400024414063
537.587159869318	582.299987792969
540.347466329698	581.5
543.106896283206	582.200012207031
545.865450121978	582.400024414063
548.62312823791	581.700012207031
551.379931022654	581.599975585938
554.135858867649	581.200012207031
556.890912164082	583.099975585938
559.645091302916	580.900024414063
562.39839667488	583.099975585938
565.150828670471	582.200012207031
567.902387679954	580.200012207031
570.653074093352	582.099975585938
573.402888300475	581.200012207031
576.151830690881	582.200012207031
578.899901653911	581.400024414063
581.64710157867	581.299987792969
584.39343085402	581.400024414063
587.138889868615	581.700012207031
589.883479010855	581
592.627198668921	580.900024414063
595.370049230762	581.099975585938
598.112031084094	581.900024414063
600.853144616402	581.5
603.593390214948	580.700012207031
606.332768266756	581
609.07127915862	582.400024414063
611.808923277105	580.299987792969
614.545701008557	582.200012207031
617.281612739077	581.900024414063
620.016658854538	581.799987792969
622.750839740605	582.299987792969
625.484155782683	582
628.216607365976	580.900024414063
630.948194875433	581.299987792969
633.678918695803	582.099975585938
636.408779211583	581.200012207031
639.137776807058	580.200012207031
641.865911866272	581.900024414063
644.593184773055	580.299987792969
647.319595910995	580.599975585938
650.045145663466	580.299987792969
652.769834413604	581.599975585938
655.493662544324	582.099975585938
658.216630438315	582.400024414063
660.938738478037	581
663.659987045719	580
666.380376523373	581.200012207031
669.099907292776	581.599975585938
671.818579735489	582.200012207031
674.536394232832	582.5
677.253351165917	580.700012207031
679.969450915618	581.700012207031
682.684693862585	581.299987792969
685.399080387251	582.599975585938
688.112610869813	581
690.825285690249	580
693.537105228314	582.799987792969
696.248069863538	582.700012207031
698.958179975218	580.400024414063
701.667435942439	580.5
704.375838144054	581.700012207031
707.083386958696	580.799987792969
709.790082764773	581.900024414063
712.495925940468	580.400024414063
715.200916863742	580
717.905055912334	580.900024414063
720.608343463755	581.799987792969
723.310779895306	581.599975585938
726.012365584044	580.200012207031
728.713100906829	581.400024414063
731.412986240272	581.700012207031
734.112021960784	581.400024414063
736.810208444542	581.400024414063
739.507546067506	580
742.204035205409	580.799987792969
744.899676233766	582.299987792969
747.594469527873	583.099975585938
750.288415462801	580.900024414063
752.981514413399	581.200012207031
755.673766754301	581.599975585938
758.365172859913	580.599975585938
761.055733104428	580
763.74544786181	580.700012207031
766.434317505808	581.599975585938
769.122342409953	581.200012207031
771.80952294755	583.400024414063
774.49585949169	581.900024414063
777.181352415237	581.299987792969
779.866002090844	580.299987792969
782.54980889094	582.900024414063
785.232773187742	580.900024414063
787.914895353228	581.099975585938
790.596175759182	580.400024414063
793.276614777158	583
795.956212778492	584.599975585938
798.634970134295	581.700012207031
801.312887215471	580
803.989964392704	582.900024414063
806.666202036451	582.299987792969
809.341600516966	582.900024414063
812.016160204274	580.799987792969
814.689881468185	580.299987792969
817.362764678295	582.5
820.034810203979	584.400024414063
822.706018414398	583.099975585938
825.376389678493	580.799987792969
828.045924364992	581.200012207031
830.71462284241	582.400024414063
833.382485479036	582.400024414063
836.049512642946	582.900024414063
838.715704702013	580.799987792969
841.381062023871	580.799987792969
844.045584975959	582.900024414063
846.709273925484	583.799987792969
849.372129239456	581.900024414063
852.034151284649	581.599975585938
854.695340427643	583
857.355697034787	582.299987792969
860.015221472225	581.900024414063
862.673914105879	579.799987792969
865.331775301463	580.5
867.988805424477	582.299987792969
870.645004840199	581.299987792969
873.300373913701	580
875.954913009845	580.200012207031
878.60862249326	582.200012207031
881.261502728385	581.5
883.913554079431	583.900024414063
886.564776910405	583
889.215171585089	581.099975585938
891.864738467072	581.400024414063
894.513477919707	583.700012207031
897.16139030615	582.200012207031
899.80847598934	581.099975585938
902.454735332004	581.799987792969
905.100168696658	582.900024414063
907.744776445603	583.200012207031
910.388558940932	582.099975585938
913.031516544529	582
915.673649618057	581.5
918.314958522982	581.799987792969
920.955443620539	583.5
923.595105271772	581.700012207031
926.233943837502	580.900024414063
928.871959678349	582.900024414063
931.509153154708	583.099975585938
934.145524626778	582.900024414063
936.781074454544	580.900024414063
939.415802997774	582.099975585938
942.049710616031	584.099975585938
944.682797668677	584.400024414063
947.315064514852	582
949.94651151349	581.400024414063
952.577139023317	583.099975585938
955.206947402848	582
957.835937010394	581.5
960.464108204056	581.099975585938
963.091461341715	582.700012207031
965.71799678106	583.799987792969
968.343714879566	583.5
970.968615994492	583.299987792969
973.592700482906	583.599975585938
976.215968701646	582
978.838421007358	584.099975585938
981.46005775648	583.299987792969
984.080879305233	582.700012207031
986.700886009642	582.599975585938
989.320078225514	583.400024414063
991.938456308459	584.900024414063
994.556020613877	584.599975585938
997.172771496957	583.099975585938
999.788709312683	585.700012207031
1002.40383441584	583.599975585938
1005.018147161	583.400024414063
1007.63164790252	582.400024414063
1010.24433699457	583
1012.85621479111	584.5
1015.46728164588	584.099975585938
1018.07753791243	585.799987792969
1020.6869839441	585.099975585938
1023.29562009402	583.200012207031
1025.90344671513	585.200012207031
1028.51046416013	587.200012207031
1031.11667278157	584
1033.72207293174	583.400024414063
1036.32666496276	586.400024414063
1038.93044922653	584.799987792969
1041.53342607477	584.099975585938
1044.13559585896	583.400024414063
1046.7369589304	585.700012207031
1049.33751564019	585
1051.9372663392	585.799987792969
1054.53621137812	586.400024414063
1057.13435110744	584.799987792969
1059.73168587742	585
1062.32821603816	587.700012207031
1064.92394193951	586.400024414063
1067.51886393115	586.700012207031
1070.11298236253	586.900024414063
1072.70629758294	586.200012207031
1075.29880994142	586.900024414063
1077.89051978685	588.700012207031
1080.48142746787	584.900024414063
1083.07153333294	587.299987792969
1085.66083773033	588.900024414063
1088.24934100808	588.900024414063
1090.83704351404	588.799987792969
1093.42394559587	585.900024414063
1096.01004760101	588.099975585938
1098.59534987672	589.400024414063
1101.17985277004	589.799987792969
1103.76355662782	588.599975585938
1106.34646179672	588.400024414063
1108.92856862316	588.599975585938
1111.50987745341	589
1114.09038863351	588.200012207031
1116.6701025093	588.099975585938
1119.24901942644	586.700012207031
1121.82713973036	589.099975585938
1124.40446376633	592
1126.98099187938	589.299987792969
1129.55672441438	588.799987792969
1132.13166171596	592.299987792969
1134.70580412858	591.700012207031
1137.2791519965	590
1139.85170566377	589.400024414063
1142.42346547425	589.299987792969
1144.99443177159	590.200012207031
1147.56460489925	592.700012207031
1150.1339852005	590.900024414063
1152.7025730184	589.299987792969
1155.27036869582	589.400024414063
1157.83737257542	593.5
1160.40358499968	592.700012207031
1162.96900631087	593.099975585938
1165.53363685107	590.099975585938
1168.09747696216	589.799987792969
1170.66052698582	592.200012207031
1173.22278726354	592.900024414063
1175.78425813661	593.200012207031
1178.34493994611	591.599975585938
1180.90483303296	594.200012207031
1183.46393773785	593.599975585938
1186.02225440128	594.099975585938
1188.57978336357	591.799987792969
1191.13652496483	593.400024414063
1193.69247954497	595.5
1196.24764744372	593.799987792969
1198.80202900061	593
1201.35562455497	592.099975585938
1203.90843444593	592
1206.46045901244	596.099975585938
1209.01169859325	595.799987792969
1211.5621535269	595.799987792969
1214.11182415175	597.200012207031
1216.66071080599	597
1219.20881382756	599.099975585938
1221.75613355424	596.900024414063
1224.30267032363	597.200012207031
1226.8484244731	596.400024414063
1229.39339633985	599.700012207031
1231.93758626089	602.799987792969
1234.48099457302	599.099975585938
1237.02362161286	597.299987792969
1239.56546771682	600.400024414063
1242.10653322113	602
1244.64681846184	605.5
1247.18632377478	600.799987792969
1249.72504949561	602.099975585938
1252.26299595979	602.900024414063
1254.80016350257	604.900024414063
1257.33655245904	602.599975585938
1259.87216316408	600.299987792969
1262.40699595237	601.799987792969
1264.94105115842	607.099975585938
1267.47432911654	610.5
1270.00683016083	607.599975585938
1272.53855462522	607.599975585938
1275.06950284345	606.599975585938
1277.59967514906	609.5
1280.12907187541	610.5
1282.65769335564	608.799987792969
1285.18553992273	607.599975585938
1287.71261190947	609.799987792969
1290.23890964843	614.299987792969
1292.76443347203	616.400024414063
1295.28918371247	612.099975585938
1297.81316070177	614.099975585938
1300.33636477175	615.099975585938
1302.85879625406	616.299987792969
1305.38045548016	617
1307.90134278129	613.299987792969
1310.42145848853	613.599975585938
1312.94080293277	617.200012207031
1315.4593764447	620
1317.97717935482	622.099975585938
1320.49421199345	617
1323.01047469072	616.5
1325.52596777657	623.900024414063
1328.04069158075	620.900024414063
1330.55464643282	621.400024414063
1333.06783266216	617
1335.58025059795	619.200012207031
1338.0919005692	622.900024414063
1340.60278290471	622.299987792969
1343.11289793311	620.900024414063
1345.62224598283	617.700012207031
1348.13082738214	620.200012207031
1350.63864245908	618.799987792969
1353.14569154154	618
1355.65197495721	622.400024414063
1358.15749303358	619.900024414063
1360.66224609798	617.5
1363.16623447752	615.900024414063
1365.66945849917	613.400024414063
1368.17191848967	616
1370.67361477558	614.599975585938
1373.17454768332	617.200012207031
1375.67471753905	615.700012207031
1378.17412466881	614.900024414063
1380.67276939842	614
1383.17065205353	612.700012207031
1385.66777295958	609.299987792969
1388.16413244186	608.099975585938
1390.65973082545	608.799987792969
1393.15456843527	608.599975585938
1395.64864559601	606.799987792969
1398.14196263222	604.700012207031
1400.63451986824	604.299987792969
1403.12631762825	607
1405.61735623622	607.599975585938
1408.10763601595	602.799987792969
1410.59715729106	603
1413.08592038496	603.400024414063
1415.57392562092	603.200012207031
1418.06117332198	603.099975585938
1420.54766381104	600.700012207031
1423.03339741077	601.5
1425.51837444371	601.700012207031
1428.00259523216	605.099975585938
1430.4860600983	601.700012207031
1432.96876936407	602
1435.45072335126	597.900024414063
1437.93192238146	597.700012207031
1440.4123667761	599.799987792969
1442.89205685641	600.400024414063
1445.37099294343	596.599975585938
1447.84917535805	596.400024414063
1450.32660442094	599.900024414063
1452.80328045262	601
1455.27920377341	599.900024414063
1457.75437470346	598.700012207031
1460.22879356272	598.099975585938
1462.70246067098	598.900024414063
1465.17537634785	600.900024414063
1467.64754091272	597.099975585938
1470.11895468486	593.799987792969
1472.58961798332	595.200012207031
1475.05953112695	597
1477.52869443449	600
1479.99710822443	597.299987792969
1482.46477281511	596.400024414063
1484.93168852469	597.400024414063
1487.39785567115	601
1489.86327457228	598.400024414063
1492.32794554571	596
1494.79186890886	595.900024414063
1497.255044979	599
1499.7174740732	600.099975585938
1502.17915650837	600.099975585938
1504.64009260123	597.099975585938
1507.10028266832	596
1509.559727026	599.099975585938
1512.01842599046	599.099975585938
1514.47637987771	601.099975585938
1516.93358900357	596.700012207031
1519.39005368369	598.099975585938
1521.84577423354	600.799987792969
1524.30075096842	598.900024414063
1526.75498420345	602.400024414063
1529.20847425356	597.700012207031
1531.6612214335	600.299987792969
1534.11322605788	601.799987792969
1536.56448844109	603.400024414063
1539.01500889735	602.700012207031
1541.46478774072	601.5
1543.91382528508	602.299987792969
1546.36212184413	605.900024414063
1548.80967773137	606.400024414063
1551.25649326017	603
1553.70256874368	601.299987792969
1556.14790449489	604.700012207031
1558.59250082662	605.200012207031
1561.03635805151	608.799987792969
1563.47947648204	608.5
1565.92185643046	609.900024414063
1568.36349820891	609.299987792969
1570.80440212932	611.900024414063
1573.24456850344	612.200012207031
1575.68399764287	609
1578.12268985901	608
1580.56064546309	608.299987792969
1582.99786476618	610.5
1585.43434807916	613.400024414063
1587.87009571274	613.200012207031
1590.30510797746	610.700012207031
1592.73938518368	609.099975585938
1595.17292764157	610.799987792969
1597.60573566116	611
1600.03780955229	605.900024414063
1602.46914962461	603.700012207031
1604.89975618762	602.599975585938
1607.32962955063	601
1609.75877002279	603.5
1612.18717791306	602.200012207031
1614.61485353024	601.200012207031
1617.04179718296	600.400024414063
1619.46800917966	597.400024414063
1621.89348982862	597
1624.31823943794	592.900024414063
1626.74225831555	592.599975585938
1629.16554676922	592.700012207031
1631.58810510651	590.5
1634.00993363487	591.799987792969
1636.43103266151	589.700012207031
1638.8514024935	590.799987792969
1641.27104343775	588.299987792969
1643.68995580098	587.900024414063
1646.10813988974	584.799987792969
1648.52559601042	584.599975585938
1650.94232446921	584.799987792969
1653.35832557217	582.5
1655.77359962515	583.299987792969
1658.18814693385	584.099975585938
1660.60196780379	582.599975585938
1663.01506254034	581.5
1665.42743144866	581.099975585938
1667.83907483378	584.099975585938
1670.24999300053	580.599975585938
1672.66018625359	579.400024414063
1675.06965489744	580.599975585938
1677.47839923644	579.099975585938
1679.88641957472	579.200012207031
1682.29371621629	579.400024414063
1684.70028946496	579
1687.10613962438	578.299987792969
1689.51126699804	578
1691.91567188923	579.400024414063
1694.31935460112	579
1696.72231543666	578.299987792969
1699.12455469866	578.799987792969
1701.52607268975	577.700012207031
1703.9268697124	576.900024414063
1706.32694606891	577.5
1708.72630206139	576.700012207031
1711.12493799182	577.099975585938
1713.52285416197	576.5
1715.92005087348	575.900024414063
1718.31652842779	577.5
1720.71228712619	576.200012207031
1723.1073272698	577.5
1725.50164915956	576.900024414063
1727.89525309627	575.900024414063
1730.28813938052	576.700012207031
1732.68030831278	575.900024414063
1735.07176019331	575.700012207031
1737.46249532223	576.299987792969
1739.85251399949	576.599975585938
1742.24181652486	576.799987792969
1744.63040319795	575
1747.01827431821	575.5
1749.4054301849	576.599975585938
1751.79187109716	576.099975585938
1754.17759735391	575.700012207031
1756.56260925393	575.700012207031
1758.94690709583	576.400024414063
1761.33049117807	576
1763.71336179891	575.900024414063
1766.09551925648	576.099975585938
1768.47696384872	575.599975585938
1770.85769587341	576
1773.23771562817	574.900024414063
1775.61702341044	577
1777.99561951751	574.599975585938
1780.37350424651	576.099975585938
1782.75067789438	574.700012207031
1785.12714075793	574.900024414063
1787.50289313376	575
1789.87793531834	574.799987792969
1792.25226760798	574.900024414063
1794.62589029879	574.599975585938
1796.99880368675	575.099975585938
1799.37100806765	575.5
1801.74250373715	574.700012207031
1804.1132909907	574.799987792969
1806.48337012362	573.799987792969
1808.85274143106	574.900024414063
1811.221405208	575.299987792969
1813.58936174925	574.900024414063
1815.95661134948	574.400024414063
1818.32315430317	574.099975585938
1820.68899090465	574.900024414063
1823.0541214481	575.200012207031
1825.4185462275	573.900024414063
1827.78226553671	574.400024414063
1830.1452796694	573.900024414063
1832.50758891907	575
1834.86919357909	575
1837.23009394264	574.200012207031
1839.59029030275	574.599975585938
1841.94978295228	573.799987792969
1844.30857218393	574.599975585938
1846.66665829026	574.400024414063
1849.02404156362	574.099975585938
1851.38072229624	573.700012207031
1853.73670078017	574.599975585938
1856.09197730732	573.299987792969
1858.4465521694	575.099975585938
1860.80042565799	574.099975585938
1863.15359806449	573.799987792969
1865.50606968016	574.400024414063
1867.85784079609	573.900024414063
1870.20891170319	574
1872.55928269223	575
1874.90895405382	575.099975585938
1877.2579260784	573.900024414063
1879.60619905625	574.299987792969
1881.95377327751	573.900024414063
1884.30064903212	573.799987792969
1886.64682660989	574.099975585938
1888.99230630047	574
1891.33708839333	574.599975585938
1893.6811731778	573.200012207031
1896.02456094305	575.700012207031
1898.36725197808	573.299987792969
1900.70924657172	574.299987792969
1903.05054501267	574.599975585938
1905.39114758944	574.599975585938
1907.73105459042	574.5
1910.0702663038	575.400024414063
1912.40878301763	574.799987792969
1914.7466050198	574.599975585938
1917.08373259804	573
1919.42016603993	573.900024414063
1921.75590563288	574.099975585938
1924.09095166413	574.599975585938
1926.4253044208	573.599975585938
1928.75896418982	574.099975585938
1931.09193125797	574.599975585938
1933.42420591187	573.900024414063
1935.75578843799	573.5
1938.08667912263	573.299987792969
1940.41687825195	573.099975585938
1942.74638611193	574
1945.07520298842	573.5
1947.40332916709	573.599975585938
1949.73076493345	574.700012207031
1952.05751057288	573
1954.38356637057	573.799987792969
1956.70893261159	574
1959.03360958081	573.200012207031
1961.35759756299	575
1963.68089684269	573.700012207031
1966.00350770434	572.799987792969
1968.3254304322	574
1970.64666531039	573.099975585938
1972.96721262287	573.5
1975.28707265342	573.599975585938
1977.6062456857	574.299987792969
1979.92473200318	574.400024414063
1982.24253188921	574.599975585938
1984.55964562695	574.200012207031
1986.87607349943	572.900024414063
1989.19181578951	573.299987792969
1991.5068727799	573.400024414063
1993.82124475315	573.400024414063
1996.13493199167	573.200012207031
1998.4479347777	573.299987792969
2000.76025339332	573.5
2003.07188812048	572.099975585938
2005.38283924095	572.599975585938
2007.69310703636	572.799987792969
2010.00269178818	573.700012207031
2012.31159377773	573
2014.61981328617	573.799987792969
2016.92735059452	574
2019.23420598361	571.799987792969
2021.54037973416	572.5
2023.84587212671	572.900024414063
2026.15068344166	572.5
2028.45481395925	572.700012207031
2030.75826395956	573
2033.06103372252	573
2035.36312352793	572.099975585938
2037.66453365539	575.099975585938
2039.96526438439	572
2042.26531599426	573.799987792969
2044.56468876415	573
2046.86338297308	572.400024414063
2049.16139889991	572.700012207031
2051.45873682337	572.599975585938
2053.75539702199	572.599975585938
2056.0513797742	573.5
2058.34668535824	572.900024414063
2060.64131405221	573.200012207031
2062.93526613407	573.200012207031
2065.22854188161	572.5
2067.52114157248	573.5
2069.81306548417	572.599975585938
2072.10431389403	573.299987792969
2074.39488707923	573.099975585938
2076.68478531684	572.5
2078.97400888373	572.900024414063
2081.26255805664	573.299987792969
2083.55043311216	572.099975585938
2085.83763432672	573
2088.12416197662	574.299987792969
2090.41001633797	573.200012207031
2092.69519768677	572.5
2094.97970629885	573
2097.26354244989	573.099975585938
2099.54670641542	573.5
2101.82919847083	572.700012207031
2104.11101889135	573.599975585938
2106.39216795205	574.599975585938
2108.67264592787	573.5
2110.95245309359	571.799987792969
2113.23158972385	573.299987792969
2115.51005609313	573.799987792969
2117.78785247575	573.200012207031
2120.06497914591	572.299987792969
2122.34143637764	572.299987792969
2124.61722444482	573.200012207031
2126.89234362119	572.5
2129.16679418034	572.700012207031
2131.4405763957	572.900024414063
2133.71369054057	572.5
2135.98613688808	573.400024414063
2138.25791571123	572.700012207031
2140.52902728287	572.599975585938
2142.79947187568	573.5
2145.06924976222	571.799987792969
2147.33836121488	573.400024414063
2149.60680650591	574
2151.87458590743	573
2154.14169969137	572.700012207031
2156.40814812956	573.299987792969
2158.67393149364	572.299987792969
2160.93905005513	573.900024414063
2163.2035040854	572.400024414063
2165.46729385567	572.599975585938
2167.73041963699	573.099975585938
2169.99288170031	573.099975585938
2172.25468031638	572.900024414063
2174.51581575584	573.099975585938
2176.77628828918	572.5
2179.03609818672	572.700012207031
2181.29524571865	573.099975585938
2183.55373115503	573.299987792969
2185.81155476573	572.799987792969
2188.06871682052	572.900024414063
2190.32521758899	572.5
2192.5810573406	572.900024414063
2194.83623634466	573.099975585938
2197.09075487034	572.200012207031
2199.34461318665	571.700012207031
2201.59781156247	573.099975585938
2203.85035026652	572.799987792969
2206.10222956739	572.700012207031
2208.35344973351	573.299987792969
2210.60401103316	572.299987792969
2212.85391373451	573
2215.10315810554	572.400024414063
2217.35174441412	573.099975585938
2219.59967292795	572.299987792969
2221.84694391459	573.099975585938
2224.09355764148	572.200012207031
2226.33951437588	572.200012207031
2228.58481438492	572.400024414063
2230.8294579356	572.799987792969
2233.07344529475	571.5
2235.31677672907	573.599975585938
2237.55945250512	572.400024414063
2239.8014728893	571.700012207031
2242.04283814789	572.900024414063
2244.283548547	573.299987792969
2246.52360435261	572
2248.76300583055	573.099975585938
2251.00175324652	573.299987792969
2253.23984686606	572.599975585938
2255.47728695458	572.700012207031
2257.71407377733	573
2259.95020759944	572.5
2262.18568868587	572.900024414063
2264.42051730147	572.5
2266.65469371091	572
2268.88821817874	572.799987792969
2271.12109096937	572.799987792969
2273.35331234705	572.700012207031
2275.5848825759	572.099975585938
2277.81580191989	573
2280.04607064287	571.700012207031
2282.27568900851	573.599975585938
2284.50465728037	572.599975585938
2286.73297572185	572.900024414063
2288.96064459621	572.400024414063
2291.18766416659	572.299987792969
2293.41403469595	573.200012207031
2295.63975644714	572.200012207031
2297.86482968285	572.400024414063
2300.08925466564	572.5
2302.31303165792	572.900024414063
2304.53616092197	573.200012207031
2306.75864271992	573.599975585938
2308.98047731375	572
2311.20166496532	573
2313.42220593634	572.599975585938
2315.64210048837	573.700012207031
2317.86134888284	572.400024414063
2320.07995138104	572.700012207031
2322.2979082441	573.400024414063
2324.51521973305	572.900024414063
2326.73188610874	573.200012207031
2328.94790763189	573
2331.1632845631	573.5
2333.3780171628	572.099975585938
2335.5921056913	571.700012207031
2337.80555040877	572.900024414063
2340.01835157523	572.700012207031
2342.23050945056	572.099975585938
2344.44202429451	571.900024414063
2346.65289636669	571.700012207031
2348.86312592656	573
2351.07271323345	572.599975585938
2353.28165854655	572.299987792969
2355.4899621249	572.599975585938
2357.69762422743	572.799987792969
2359.90464511288	572.700012207031
2362.11102503991	572.799987792969
2364.316764267	572.400024414063
2366.52186305251	572
2368.72632165466	572.799987792969
2370.93014033151	573.400024414063
2373.13331934102	572.5
2375.33585894097	573.700012207031
2377.53775938904	573.5
2379.73902094275	572.400024414063
2381.93964385948	573
2384.13962839649	572.799987792969
2386.33897481088	572.299987792969
2388.53768335963	573.400024414063
2390.73575429957	572.900024414063
2392.9331878874	572.700012207031
2395.12998437969	572.400024414063
2397.32614403285	573.599975585938
2399.52166710317	573.299987792969
2401.7165538468	573.299987792969
2403.91080451975	573.400024414063
2406.10441937789	573.599975585938
2408.29739867697	573.400024414063
2410.48974267258	573.200012207031
2412.68145162019	574.299987792969
2414.87252577512	572.799987792969
2417.06296539257	575.400024414063
2419.25277072759	575.400024414063
2421.4419420351	575.200012207031
2423.63047956988	575
2425.81838358658	576.200012207031
2428.0056543397	575.200012207031
2430.19229208362	576.400024414063
2432.37829707258	575.799987792969
2434.56366956068	575.799987792969
2436.74840980189	576.599975585938
2438.93251805003	575.099975585938
2441.1159945588	575.099975585938
2443.29883958176	574.5
2445.48105337233	574.5
2447.66263618382	573.900024414063
2449.84358826935	574.900024414063
2452.02390988197	575.599975585938
2454.20360127454	574.599975585938
2456.38266269983	573.599975585938
2458.56109441043	573.599975585938
2460.73889665884	573
2462.9160696974	573.900024414063
2465.09261377831	573.099975585938
2467.26852915366	573.700012207031
2469.44381607538	573.900024414063
2471.61847479527	574.400024414063
2473.79250556503	573.5
2475.96590863618	574.599975585938
2478.13868426012	573.599975585938
2480.31083268813	574.299987792969
2482.48235417135	574
2484.65324896077	573.599975585938
2486.82351730728	573.099975585938
2488.9931594616	572.900024414063
2491.16217567433	573.799987792969
2493.33056619595	573.799987792969
2495.4983312768	573
2497.66547116707	573.400024414063
2499.83198611683	573.5
2501.99787637602	573.200012207031
2504.16314219445	573.5
2506.32778382178	572.799987792969
2508.49180150756	573
2510.65519550119	573
2512.81796605194	573.700012207031
2514.98011340895	574.099975585938
2517.14163782123	573
2519.30253953765	574
2521.46281880697	574.099975585938
2523.62247587779	573.099975585938
2525.78151099858	573.099975585938
2527.9399244177	573.599975585938
2530.09771638337	572.700012207031
2532.25488714366	574.400024414063
2534.41143694653	574
2536.56736603979	572.5
2538.72267467114	573.099975585938
2540.87736308814	573.099975585938
2543.03143153821	572.5
2545.18488026864	572.599975585938
2547.3377095266	573.599975585938
2549.48991955912	574.099975585938
2551.6415106131	573.799987792969
2553.79248293531	573.700012207031
2555.9428367724	573.799987792969
2558.09257237087	573.200012207031
2560.2416899771	572.400024414063
2562.39018983733	572.799987792969
2564.53807219769	572.299987792969
2566.68533730416	572.799987792969
2568.8319854026	572.599975585938
2570.97801673873	572.799987792969
2573.12343155815	573.299987792969
2575.26823010633	573.099975585938
2577.4124126286	573.5
2579.55597937017	573.099975585938
2581.69893057612	573
2583.84126649139	572.5
2585.9829873608	572.900024414063
2588.12409342903	573.299987792969
2590.26458494065	573.099975585938
2592.40446214009	573.599975585938
2594.54372527164	572.799987792969
2596.68237457948	574.5
2598.82041030764	573.5
2600.95783270004	573.400024414063
2603.09464200046	573.400024414063
2605.23083845255	573.400024414063
2607.36642229985	573.599975585938
2609.50139378575	572.799987792969
2611.63575315352	573.900024414063
2613.76950064629	573.799987792969
2615.90263650709	572.099975585938
2618.03516097878	573.799987792969
2620.16707430413	573.599975585938
2622.29837672577	573.5
2624.42906848619	573.799987792969
2626.55914982777	572.5
2628.68862099274	572.700012207031
2630.81748222322	573.5
2632.94573376121	572.099975585938
2635.07337584855	572.799987792969
2637.20040872699	573.5
2639.32683263812	573.599975585938
2641.45264782342	573.5
2643.57785452424	572.799987792969
2645.70245298181	573.299987792969
2647.82644343723	572.799987792969
2649.94982613145	573.900024414063
2652.07260130532	572.799987792969
2654.19476919956	573.400024414063
2656.31633005475	572.799987792969
2658.43728411136	574.400024414063
2660.55763160971	574.799987792969
2662.67737279003	573.099975585938
2664.79650789238	573.400024414063
2666.91503715672	573.099975585938
2669.03296082288	574.299987792969
2671.15027913057	573
2673.26699231936	573.400024414063
2675.3831006287	573
2677.49860429791	572.5
2679.6135035662	573.200012207031
2681.72779867263	573
2683.84148985615	574
2685.95457735559	573.799987792969
2688.06706140964	574.599975585938
2690.17894225686	572.700012207031
2692.29022013571	572.900024414063
2694.4008952845	573.599975585938
2696.51096794143	573.700012207031
2698.62043834457	572.599975585938
2700.72930673185	572.900024414063
2702.83757334111	573.099975585938
2704.94523841003	573.099975585938
2707.05230217618	573.299987792969
2709.15876487701	572.599975585938
2711.26462674983	573.200012207031
2713.36988803185	573.200012207031
2715.47454896013	573.5
2717.57860977162	573.400024414063
2719.68207070314	572.799987792969
2721.78493199138	573.099975585938
2723.88719387294	573.099975585938
2725.98885658424	572
2728.08992036162	572.5
2730.19038544128	574.5
2732.2902520593	572.799987792969
2734.38952045163	574.200012207031
2736.4881908541	573.400024414063
2738.58626350241	572.5
2740.68373863216	572.700012207031
2742.7806164788	573
2744.87689727767	572.200012207031
2746.97258126398	573.299987792969
2749.06766867281	572.900024414063
2751.16215973915	573
2753.25605469783	572.299987792969
2755.34935378356	572.200012207031
2757.44205723096	573
2759.5341652745	573.099975585938
2761.62567814852	574.400024414063
2763.71659608726	572.900024414063
2765.80691932483	572.599975585938
2767.8966480952	573.200012207031
2769.98578263225	572.299987792969
2772.07432316971	572.5
2774.1622699412	572.900024414063
2776.24962318022	571.900024414063
2778.33638312013	573.700012207031
2780.4225499942	572.700012207031
2782.50812403556	572.700012207031
2784.5931054772	573.400024414063
2786.67749455202	573.400024414063
2788.76129149278	573.099975585938
2790.84449653213	573
2792.92710990258	572.599975585938
2795.00913183653	573.200012207031
2797.09056256628	572.700012207031
2799.17140232396	572.799987792969
2801.25165134162	573.700012207031
2803.33130985118	572.799987792969
2805.41037808443	572.900024414063
2807.48885627303	572.900024414063
2809.56674464855	572.099975585938
2811.64404344241	573.700012207031
2813.72075288594	572.5
2815.79687321031	572.700012207031
2817.87240464659	572.099975585938
2819.94734742574	572.700012207031
2822.02170177858	572.799987792969
2824.09546793583	573
2826.16864612807	573.599975585938
2828.24123658577	571.900024414063
2830.31323953928	573.200012207031
2832.38465521882	572.299987792969
2834.4554838545	572.799987792969
2836.52572567632	572.200012207031
2838.59538091413	572.299987792969
2840.6644497977	572.200012207031
2842.73293255665	572.599975585938
2844.80082942048	573.900024414063
2846.86814061859	573.099975585938
2848.93486638025	572.299987792969
2851.00100693461	572.299987792969
2853.0665625107	572.5
2855.13153333745	573.099975585938
2857.19591964362	572.599975585938
2859.25972165792	573.299987792969
2861.32293960889	572.599975585938
2863.38557372497	572
2865.44762423447	572.900024414063
2867.5090913656	572.299987792969
2869.56997534644	572.799987792969
2871.63027640495	572.200012207031
2873.68999476898	573.599975585938
2875.74913066625	572.400024414063
2877.80768432437	571.799987792969
2879.86565597083	573.900024414063
2881.923045833	572.400024414063
2883.97985413814	573.400024414063
2886.03608111337	573.400024414063
2888.09172698572	572
2890.14679198208	571.700012207031
2892.20127632925	572.799987792969
2894.25518025387	573.299987792969
2896.30850398251	573.599975585938
2898.36124774158	572.299987792969
2900.4134117574	574.099975585938
2902.46499625617	572.200012207031
2904.51600146395	572.700012207031
2906.56642760672	572
2908.61627491031	571.799987792969
2910.66554360044	572.599975585938
2912.71423390273	572.400024414063
2914.76234604267	573.299987792969
2916.80988024564	573.299987792969
2918.85683673688	573.099975585938
2920.90321574155	573.799987792969
2922.94901748466	572.5
2924.99424219113	572.900024414063
2927.03889008574	572.200012207031
2929.08296139317	574
2931.12645633799	573.099975585938
2933.16937514463	573.5
2935.21171803742	573
2937.25348524057	572.5
2939.29467697818	573.799987792969
2941.33529347421	573.299987792969
2943.37533495255	575.200012207031
2945.41480163693	573
2947.45369375098	573
2949.49201151823	575
2951.52975516206	572.400024414063
2953.56692490576	572.700012207031
2955.60352097252	574
2957.63954358537	572.599975585938
2959.67499296725	572.299987792969
2961.709869341	571.400024414063
2963.74417292931	572.099975585938
2965.77790395478	572.200012207031
2967.8110626399	572.5
2969.84364920701	572.099975585938
2971.87566387838	572.700012207031
2973.90710687613	572.5
2975.93797842229	572.400024414063
2977.96827873875	571.099975585938
2979.99800804732	572.700012207031
2982.02716656966	572.299987792969
2984.05575452733	571.799987792969
2986.08377214179	573
2988.11121963436	571.599975585938
2990.13809722627	571.5
2992.16440513862	571.799987792969
2994.19014359239	571.900024414063
2996.21531280848	572
2998.23991300763	572.099975585938
3000.2639444105	572.099975585938
3002.28740723762	572.400024414063
3004.31030170942	571.400024414063
3006.3326280462	571.900024414063
3008.35438646816	572.400024414063
3010.37557719538	571.900024414063
3012.39620044782	571.799987792969
3014.41625644535	573.700012207031
3016.4357454077	570.799987792969
3018.4546675545	572.599975585938
3020.47302310527	572.5
3022.49081227941	571.299987792969
3024.5080352962	572
3026.52469237483	572
3028.54078373436	572
3030.55630959375	571.200012207031
3032.57127017182	572.599975585938
3034.5856656873	572.299987792969
3036.59949635882	572.700012207031
3038.61276240486	571.700012207031
3040.62546404383	572.900024414063
3042.63760149399	572.299987792969
3044.6491749735	572.400024414063
3046.66018470044	572.400024414063
3048.67063089272	572.200012207031
3050.68051376818	572
3052.68983354455	571.200012207031
3054.69859043942	570.799987792969
3056.70678467028	572.599975585938
3058.71441645452	572.400024414063
3060.7214860094	571.700012207031
3062.72799355209	571.099975585938
3064.73393929964	570.200012207031
3066.73932346896	571.599975585938
3068.74414627691	572.099975585938
3070.74840794017	572
3072.75210867536	572.099975585938
3074.75524869897	571.5
3076.75782822737	571.599975585938
3078.75984747684	572.400024414063
3080.76130666353	572.400024414063
3082.76220600349	571.900024414063
3084.76254571266	572.099975585938
3086.76232600685	572.099975585938
3088.7615471018	571.900024414063
3090.76020921309	572.299987792969
3092.75831255623	572.400024414063
3094.75585734659	572
3096.75284379946	571.5
3098.74927213	572.599975585938
3100.74514255324	572.700012207031
3102.74045528416	572.200012207031
3104.73521053756	571.700012207031
3106.72940852818	571.400024414063
3108.72304947063	572
3110.71613357941	572.599975585938
3112.70866106891	571.299987792969
3114.70063215343	571.5
3116.69204704713	572.400024414063
3118.68290596407	571.099975585938
3120.67320911823	571.799987792969
3122.66295672342	572.200012207031
3124.65214899341	571.799987792969
3126.64078614181	571.700012207031
3128.62886838213	571.400024414063
3130.6163959278	572.299987792969
3132.60336899211	571.900024414063
3134.58978778824	571.799987792969
3136.57565252929	571
3138.56096342822	571.799987792969
3140.5457206979	571.400024414063
3142.52992455109	571.400024414063
3144.51357520043	571.599975585938
3146.49667285846	572.200012207031
3148.47921773761	571.200012207031
3150.46121005021	571
3152.44265000846	572.900024414063
3154.42353782447	571.299987792969
3156.40387371024	572.099975585938
3158.38365787765	571.599975585938
3160.36289053849	571.299987792969
3162.34157190443	570.799987792969
3164.31970218703	571.200012207031
3166.29728159776	572.099975585938
3168.27431034795	570.700012207031
3170.25078864886	571.599975585938
3172.22671671161	571.299987792969
3174.20209474723	570.700012207031
3176.17692296664	571.400024414063
3178.15120158065	572.900024414063
3180.12493079997	571.099975585938
3182.09811083518	571.700012207031
3184.07074189678	571.099975585938
3186.04282419516	572
3188.01435794059	572.099975585938
3189.98534334322	571
3191.95578061313	572.099975585938
3193.92566996027	571.299987792969
3195.89501159449	572.299987792969
3197.86380572552	571.900024414063
3199.83205256301	571.5
3201.79975231647	572.200012207031
3203.76690519533	570.799987792969
3205.7335114089	572.099975585938
3207.6995711664	571.200012207031
3209.66508467691	571
3211.63005214944	571.400024414063
3213.59447379287	571.5
3215.55834981599	572.299987792969
3217.52168042747	570.900024414063
3219.48446583589	572.200012207031
3221.4467062497	572.299987792969
3223.40840187728	570.900024414063
3225.36955292686	571.200012207031
3227.3301596066	571.200012207031
3229.29022212453	571
3231.2497406886	571.599975585938
3233.20871550664	572.400024414063
3235.16714678637	570.900024414063
3237.1250347354	571
3239.08237956126	571.799987792969
3241.03918147135	572.5
3242.99544067297	572.200012207031
3244.95115737333	571.799987792969
3246.90633177951	571.799987792969
3248.86096409851	571
3250.81505453721	570.5
3252.76860330238	571.799987792969
3254.72161060071	572
3256.67407663875	570.599975585938
3258.62600162298	571
3260.57738575975	571.400024414063
3262.52822925532	571.799987792969
3264.47853231583	574.799987792969
3266.42829514735	570.700012207031
3268.3775179558	570.599975585938
3270.32620094702	572.299987792969
3272.27434432676	571.099975585938
3274.22194830063	572
3276.16901307416	571.099975585938
3278.11553885278	570.799987792969
3280.0615258418	571.299987792969
3282.00697424643	571.299987792969
3283.95188427179	571
3285.89625612288	572.200012207031
3287.84009000459	571.599975585938
3289.78338612174	570.599975585938
3291.72614467902	570.200012207031
3293.66836588101	572
3295.61004993221	570.700012207031
3297.55119703699	572.099975585938
3299.49180739965	570.799987792969
3301.43188122435	572.099975585938
3303.37141871518	571.099975585938
3305.31042007611	571.400024414063
3307.248885511	571.299987792969
3309.18681522362	571.099975585938
3311.12420941763	571
3313.0610682966	571.400024414063
3314.99739206398	570.400024414063
3316.93318092313	571.400024414063
3318.86843507729	571.5
3320.80315472962	570.799987792969
3322.73734008317	571.099975585938
3324.67099134087	571.400024414063
3326.60410870558	571.599975585938
3328.53669238003	571
3330.46874256686	571.900024414063
3332.4002594686	571.299987792969
3334.33124328769	571.599975585938
3336.26169422646	570.5
3338.19161248714	571.5
3340.12099827185	571.599975585938
3342.04985178263	571.799987792969
3343.97817322139	570.799987792969
3345.90596278996	570.200012207031
3347.83322069005	570.799987792969
3349.75994712329	570.900024414063
3351.6861422912	571.099975585938
3353.61180639518	571.700012207031
3355.53693963656	571.5
3357.46154221654	572
3359.38561433624	571.5
3361.30915619668	572.400024414063
3363.23216799874	571.5
3365.15464994326	571.900024414063
3367.07660223092	570.900024414063
3368.99802506235	571
3370.91891863804	571.099975585938
3372.8392831584	571.599975585938
3374.75911882373	570.799987792969
3376.67842583425	571
3378.59720439004	571.400024414063
3380.5154546911	572.099975585938
3382.43317693735	572.5
3384.35037132858	571.099975585938
3386.2670380645	569.700012207031
3388.1831773447	571.299987792969
3390.09878936868	570.599975585938
3392.01387433584	571.299987792969
3393.92843244549	571.5
3395.84246389681	571.099975585938
3397.75596888892	571.5
3399.66894762081	571.599975585938
3401.58140029137	572.200012207031
3403.49332709942	570.599975585938
3405.40472824365	571.200012207031
3407.31560392265	571.299987792969
3409.22595433494	571.299987792969
3411.13577967891	571.900024414063
3413.04508015286	570.900024414063
3414.953855955	570.599975585938
3416.86210728342	571.299987792969
3418.76983433614	570.599975585938
3420.67703731105	571
3422.58371640596	571.200012207031
3424.48987181858	571.5
3426.39550374651	572.5
3428.30061238726	571
3430.20519793825	571.599975585938
3432.10926059677	570.5
3434.01280056005	572.099975585938
3435.91581802519	571.700012207031
3437.8183131892	570.5
3439.72028624901	570.400024414063
3441.62173740142	570.799987792969
3443.52266684316	572.5
3445.42307477085	571.900024414063
3447.322961381	571.5
3449.22232687005	570.799987792969
3451.12117143431	571
3453.01949527001	570.400024414063
3454.91729857327	571.400024414063
3456.81458154014	571.400024414063
3458.71134436653	571.099975585938
3460.6075872483	571.200012207031
3462.50331038116	570.799987792969
3464.39851396076	571.400024414063
3466.29319818265	570.700012207031
3468.18736324225	571.400024414063
3470.08100933492	571.200012207031
3471.97413665591	571.5
3473.86674540037	571.599975585938
3475.75883576334	571.5
3477.65040793979	570.799987792969
3479.54146212457	571.299987792969
3481.43199851244	571.099975585938
3483.32201729806	571.700012207031
3485.21151867601	571.299987792969
3487.10050284075	570.799987792969
3488.98896998665	571.5
3490.87692030799	571.200012207031
3492.76435399895	571
3494.6512712536	571.400024414063
3496.53767226594	570.299987792969
3498.42355722985	571.299987792969
3500.30892633911	571.5
3502.19377978744	570.700012207031
3504.07811776841	570.700012207031
3505.96194047554	570.799987792969
3507.84524810223	570.599975585938
3509.72804084179	571.799987792969
3511.61031888743	570.700012207031
3513.49208243227	571.799987792969
3515.37333166932	570.299987792969
3517.25406679152	571.299987792969
3519.13428799168	570.900024414063
3521.01399546254	571.599975585938
3522.89318939674	571.299987792969
3524.77186998681	570.700012207031
3526.6500374252	571.599975585938
3528.52769190426	571.200012207031
3530.40483361624	570.900024414063
3532.28146275329	571.599975585938
3534.15757950748	570.799987792969
3536.03318407078	570.700012207031
3537.90827663505	571
3539.78285739207	570.799987792969
3541.65692653351	570.299987792969
3543.53048425097	570.900024414063
3545.40353073593	571
3547.27606617978	570.900024414063
3549.14809077383	571
3551.01960470927	571.400024414063
3552.89060817722	571.799987792969
3554.76110136869	571
3556.63108447459	571.5
3558.50055768576	571.099975585938
3560.36952119291	571.400024414063
3562.2379751867	570.700012207031
3564.10591985764	570.900024414063
3565.9733553962	570.700012207031
3567.84028199272	570.700012207031
3569.70669983745	571.299987792969
3571.57260912056	571.400024414063
3573.43801003212	572.400024414063
3575.3029027621	570.799987792969
3577.16728750037	570
3579.03116443673	571.5
3580.89453376086	571.400024414063
3582.75739566236	571.299987792969
3584.61975033074	571.299987792969
3586.48159795539	570.799987792969
3588.34293872564	570.799987792969
3590.20377283071	571.099975585938
3592.06410045972	570.799987792969
3593.92392180171	570.799987792969
3595.78323704561	570.5
3597.64204638028	570.400024414063
3599.50034999447	571.099975585938
3601.35814807682	571.099975585938
3603.21544081592	571.200012207031
3605.07222840023	571.700012207031
3606.92851101814	571.200012207031
3608.78428885792	571.099975585938
3610.63956210778	571.099975585938
3612.4943309558	570.799987792969
3614.34859559	571
3616.20235619829	571.400024414063
3618.05561296849	570.5
3619.90836608833	570.900024414063
3621.76061574545	570.700012207031
3623.61236212737	570.5
3625.46360542156	571
3627.31434581538	571.700012207031
3629.16458349607	570.799987792969
3631.01431865083	570.700012207031
3632.86355146672	571.400024414063
3634.71228213073	570.900024414063
3636.56051082976	571.200012207031
3638.4082377506	571.400024414063
3640.25546307997	570.5
3642.10218700449	570.5
3643.94840971067	571.200012207031
3645.79413138496	571.599975585938
3647.6393522137	571.299987792969
3649.48407238312	574.200012207031
3651.3282920794	571.799987792969
